/*--------------------------------*- C++ -*----------------------------------*\
  =========                 |
  \\      /  F ield         | OpenFOAM: The Open Source CFD Toolbox
   \\    /   O peration     | Website:  https://openfoam.org
    \\  /    A nd           | Version:  11
     \\/     M anipulation  |
\*---------------------------------------------------------------------------*/
FoamFile
{
    format      ascii;
    class       volScalarField;
    location    "0";
    object      thickness;
}
// * * * * * * * * * * * * * * * * * * * * * * * * * * * * * * * * * * * * * //

dimensions      [0 0 0 0 0 0 0];

internalField   uniform 0;

boundaryField
{
    inlet
    {
        type            fixedValue;
        value           uniform 0;
    }
    outlet
    {
        type            fixedValue;
        value           uniform 0;
    }
    y_max
    {
        type            fixedValue;
        value           uniform 0;
    }
    y_min
    {
        type            fixedValue;
        value           uniform 0;
    }
    z_max
    {
        type            fixedValue;
        value           uniform 0;
    }
    z_min
    {
        type            fixedValue;
        value           uniform 0;
    }
    cylinder
    {
        type            fixedValue;
        value           nonuniform List<scalar> 
8704
(
0
0
0
0
0.000334898
0.000332343
0.000358725
0.000657151
0.00125
0.00106649
0.00131889
0.00133974
0.00134563
0.00134471
0.00134576
0.00134577
0.00134578
0.00134578
0.00134578
0.00134578
0.00134578
0.00134578
0.00134578
0.00134578
0.00134576
0.00134577
0.00134563
0.00134471
0.00131889
0.00133974
0.00125
0.00106649
0.000358725
0.000657151
0.000334898
0.000332343
0.00134576
0.00134359
0.00134544
0.00134578
0.00134569
0.00134575
0.00134578
0.00134578
0.00134578
0.00134578
0.00134578
0.00134578
0.00134578
0.00134578
0.00134578
0.00134578
0.00134578
0.00134578
0.00134578
0.00134578
0.00134578
0.00134578
0.00134547
0.00134572
0.000933532
0.000386524
0.00114551
0.00123036
0.00123612
0.00129888
0.00134526
0.00134558
0.00134566
0.00134578
0.00134578
0.00134578
0.00134578
0.00134578
0.00134578
0.00134578
0.00134578
0.00134578
0.00134285
0.00134437
0.00134494
0.00110829
0.00104735
0.00124854
0.00134528
0.00134572
0.00134578
0.00134578
0.00134578
0.00134578
0.00134578
0.00134564
0.00134577
0.00134578
0.00134578
0.00134578
0.00134578
0.00134578
0.00134578
0.00134578
0.00134574
0.0013457
0.00134578
0.00134577
0.00134578
0.00134578
0.00134578
0.00134578
0.00134578
0.00134578
0.00134578
0.00134578
0.00134578
0.00134578
0.00134577
0.00134577
0.00134578
0.00134363
0.00134578
0.00134576
0.00134578
0.00134578
0.00134578
0.00134578
0.00134578
0.00134578
0.00134578
0.00134578
0.00134578
0.00134578
0.00134578
0.00134572
0.00134578
0.00134578
0.00134578
0.00134578
0.00134578
0.00134578
0.00134578
0.00134578
0.00134577
0.00134578
0.00134577
0.00134578
0.00134578
0.00134578
0.00134578
0.00134578
0.00134578
0.00134578
0.00134578
0.00134578
0.00134578
0.00134578
0.00134578
0.00134578
0.00134578
0.00134578
0.00134578
0.00134578
0.00134578
0.00134578
0.00134578
0.00134578
0.00134577
0.00134578
0.00134578
0.00134578
0.00134578
0.00134578
0.00134578
0.00134578
0.00134578
0.00134578
0.00134578
0.00134578
0.00134578
0.00134578
0.00134578
0.00134578
0.00134578
0.00134578
0.00134578
0.00134578
0.00134578
0.00134578
0.00134577
0.00134577
0.00134575
0.00134577
0.00134574
0.00134578
0.00134577
0.000911232
0.00121432
0.00134547
0.0013457
0.00134577
0.00134572
0.0012878
0.00132215
0.00134578
0.00134578
0.00134577
0.00134578
0.00134578
0.00129682
0.00134529
0.00134578
0.00134577
0.00134578
0.00134578
0.00133438
0.00134561
0.00134578
0.00134578
0.00134578
0.00134578
0.00134578
0.00134572
0.00134578
0.00134578
0.00134578
0.00134578
0.00134578
0.00134576
0.00134578
0.00134578
0.00134578
0.00134578
0.00134578
0.00134578
0.00134578
0.00134578
0.00134578
0.00134578
0.00134578
0.00134578
0.00134578
0.00134578
0.00134578
0.00134578
0.00134578
0.00134578
0.00134578
0.00134578
0.00134578
0.00134578
0.00134578
0.00134578
0.00134578
0.00134578
0.00134578
0.00134578
0.00134578
0.00134578
0.00134578
0.00134578
0.00134578
0.00134572
0.00134578
0.00134578
0.00134578
0.00134578
0.00134578
0.00134576
0.00134578
0.00134578
0.00134578
0.00134578
0.00134577
0.00134529
0.00129682
0.00134569
0.00134578
0.00134577
0.00134575
0.00134561
0.00133438
0.00134577
0.00134575
0.00134577
0.00134576
0.00134574
0.00121432
0.000911232
0.00134359
0.00134577
0.0013457
0.00134544
0.00132215
0.0012878
0.00134559
0.00134577
0.00104735
0.00124854
0.000816352
0.00100971
0.00134285
0.00124429
0.00134478
0.00134577
0.00134578
0.00134437
0.00118925
0.00134259
0.00134535
0.00134488
0.00134577
0.00134578
0.00134578
0.00134578
0.00134578
0.00134527
0.00134578
0.00134578
0.00134578
0.00134578
0.00134578
0.00134578
0.00134578
0.00134578
0.00134578
0.00134578
0.00134578
0.00134578
0.00134578
0.00134578
0.00134578
0.00134578
0.00134578
0.00134578
0.00134578
0.00134578
0.00134578
0.00134578
0.00134578
0.00134526
0.00134558
0.00134566
0.00134578
0.00134527
0.00134578
0.00134565
0.00134578
0.00134578
0.00134577
0.00123612
0.00129888
0.00134259
0.00118925
0.00134577
0.00129626
0.00134535
0.00134577
0.00134559
0.000933532
0.000386524
0.00100971
0.000816352
0.00134478
0.00116152
0.00134285
0.00134564
0.00134499
0.00134575
0.00134578
0.00134577
0.00134578
0.00134578
0.00134578
0.00134578
0.00134578
0.00134578
0.00134578
0.00134578
0.00134578
0.00134578
0.00134578
0.00134578
0.00134577
0.00134575
0.00134499
0.00134538
0.00134576
0.00134571
0.00134577
0.00134577
0.00134578
0.00134577
0.00134578
0.00134578
0.00134578
0.00134578
0.00134578
0.00134578
0.00134578
0.00134578
0.00134578
0.00134578
0.00134578
0.00134578
0.00134578
0.00134578
0.00134578
0.00134578
0.00134578
0.00134578
0.00134577
0.00134578
0.00134577
0.00134576
0.00134538
0.00134577
0.00134571
0.00134575
0.00134577
0.00134578
0.00134578
0.00134578
0.00134578
0.00134578
0.00134578
0.00134578
0.00134578
0.00134578
0.00134578
0.00134578
0.00134578
0.00134577
0.00134575
0.00134573
0.00134577
0.00134578
0.00134578
0.00134578
0.00134578
0.00134578
0.00134578
0.00134578
0.00134578
0.00134578
0.00134578
0.00134578
0.00134578
0.00134578
0.00134578
0.00134578
0.00134578
0.00134499
0.00134578
0.00134577
0.00134578
0.00134566
0.00134577
0.00134578
0.00134577
0.00134578
0.00134578
0.00134578
0.00134578
0.00134578
0.00134578
0.00134578
0.00134578
0.00134578
0.00134578
0.00134578
0.00134578
0.00134578
0.00134578
0.00134577
0.00134577
0.00134577
0.00134566
0.00134578
0.00134578
0.00134578
0.00134578
0.00134578
0.00134578
0.00134578
0.00134578
0.00134578
0.00134578
0.00134578
0.00134578
0.00134578
0.00134578
0.00134578
0.00134578
0.00134578
0.00134578
0.00134578
0.00134578
0.00134578
0.00134578
0.00134578
0.00134578
0.00134578
0.00134578
0.00134578
0.00134578
0.00134578
0.00134578
0.00134578
0.00134578
0.00134578
0.00134578
0.00134578
0.00134578
0.00134578
0.00134578
0.00134578
0.00134578
0.00134577
0.00134578
0.00134577
0.00134578
0.00134578
0.00134578
0.00134578
0.00134578
0.00134578
0.00134578
0.00134578
0.00134578
0.00134578
0.00134578
0.00134578
0.00134578
0.00134578
0.00134578
0.00134578
0.00134578
0.00134578
0.00134578
0.00134578
0.00134578
0.00134578
0.00134578
0.00134578
0.00134578
0.00134578
0.00134578
0.00134578
0.00134578
0.00134578
0.00134578
0.00134578
0.00134578
0.00134578
0.00134578
0.00134578
0.00134578
0.00134578
0.00134578
0.00134578
0.00134578
0.00134578
0.00134578
0.00134578
0.00134578
0.00134578
0.00134578
0.00134578
0.00134578
0.00134578
0.00134578
0.00134578
0.00134578
0.00134578
0.00134577
0.00134578
0.00134577
0.00134578
0.00134578
0.00134578
0.00134578
0.00134578
0.00134578
0.00134577
0.00134577
0.00134577
0.00134577
0.00134577
0.00134577
0.00134443
0.0013454
0.00134557
0.00134367
0.00134542
0.00134447
0.0013444
0.00134561
0.00134578
0.00134578
0.00134578
0.00134578
0.00134578
0.00134578
0.0013457
0.00134574
0.00134551
0.00134577
0.00134577
0.00134576
0.0013457
0.00134577
0.00134552
0.00134578
0.00134578
0.00134578
0.00134578
0.00134578
0.00134578
0.00134578
0.00134578
0.00134578
0.00134578
0.00134578
0.00134578
0.00134578
0.00134578
0.00134578
0.00134578
0.00134578
0.00134578
0.00134578
0.00134578
0.00134578
0.00134578
0.00134578
0.00134578
0.00134578
0.00134578
0.00134578
0.00134578
0.00134578
0.00134578
0.00134578
0.00134578
0.00134578
0.00134578
0.00134578
0.00134578
0.00134578
0.00134578
0.00134578
0.00134578
0.00134578
0.00134578
0.00134578
0.00134578
0.00134578
0.00134578
0.00134578
0.00134578
0.00134578
0.00134578
0.00134578
0.00134578
0.00134578
0.00134578
0.00134578
0.00134578
0.00134578
0.00134578
0.00134578
0.00134578
0.00134578
0.00134578
0.00134578
0.00134578
0.00134576
0.00134578
0.00134577
0.00134577
0.00134578
0.00134577
0.00134576
0.00134577
0.00134577
0.00134577
0.00134578
0.00134578
0.00134577
0.00134578
0.00134577
0.0013448
0.00134569
0.00134517
0.00134564
0.00134574
0.00134504
0.00134483
0.00134568
0.00134574
0.00134566
0.000376296
0.000962564
0.00129285
0.00114839
0.0011661
0.001283
0.00134575
0.00134533
0.00134552
0.00134573
0.00134578
0.00134578
0.00134578
0.00134578
0.00134578
0.00134578
0.00134578
0.00134578
0.00134578
0.00134578
0.00134578
0.00134578
0.00134578
0.00134578
0.00134578
0.00134578
0.00134578
0.00134578
0.00134578
0.00134578
0.00134578
0.00134578
0.00134578
0.00134578
0.00134578
0.00134578
0.00134578
0.00134578
0.00134578
0.00134578
0.00134578
0.00134578
0.00134578
0.00134578
0.00134578
0.00134578
0.00134578
0.00134578
0.00134578
0.00134578
0.00134365
0.00134523
0.0013455
0.00134219
0.00086474
0.00112268
0.0011645
0.000798624
0.000416519
0.000937872
0.00117349
0.00134577
0.00134577
0.00134578
0.00125249
0.00130242
0.00134081
0.00129258
0.00133121
0.00132683
0.00134577
0.00134573
0.00134577
0.00134576
0.00134578
0.00134578
0.00134578
0.00134578
0.00134578
0.00134578
0.00134578
0.00134578
0.00134578
0.00134578
0.00134578
0.00134578
0.00134578
0.00134578
0.00134578
0.00134578
0.00134578
0.00134578
0.00134578
0.00134578
0.00134578
0.00134578
0.00134578
0.00134578
0.00134578
0.00134578
0.00134578
0.00134578
0.00134578
0.00134578
0.00134578
0.00134578
0.00134578
0.00134578
0.00134578
0.00134578
0.00134578
0.00134578
0.00134578
0.00134578
0.00134575
0.00134576
0.00134564
0.00134577
0.00132964
0.00132468
0.0012873
0.00134027
0.00131326
0.00130546
0.00132919
0.00134578
0.00134578
0.00134562
0.00134571
0.00134465
0.00134577
0.00134564
0.00134575
0.00134576
0.00134578
0.00134578
0.00134578
0.00134578
0.00134578
0.00134578
0.00134578
0.00134578
0.00134578
0.00134578
0.00134578
0.00134578
0.00134578
0.00134578
0.00134578
0.00134578
0.00134578
0.00134578
0.00134578
0.00134578
0.00134578
0.00134578
0.00134578
0.00134578
0.00134578
0.00134578
0.00134578
0.00134578
0.00134578
0.00134578
0.00134578
0.00134578
0.00134578
0.00134578
0.00134578
0.00134578
0.00134578
0.00134578
0.00134578
0.00134578
0.00134578
0.00134578
0.00134578
0.00134578
0.00134578
0.00134578
0.00134578
0.00134578
0.00134577
0.00134576
0.00134572
0.00134577
0.00134575
0.00134574
0.00134576
0.00134578
0.00134578
0.00134578
0.00134578
0.00134578
0.00134578
0.00134578
0.00134578
0.00134578
0.00134578
0.00134578
0.00134578
0.00134578
0.00134578
0.00134578
0.00134578
0.00134578
0.00134578
0.00134578
0.00134578
0.00134578
0.00134578
0.00134578
0.00134578
0.00134578
0.00134578
0.00134578
0.00134578
0.00134578
0.00134578
0.00134578
0.00134578
0.00134578
0.00134578
0.00134578
0.00134578
0.00134578
0.00134578
0.00134578
0.00134578
0.00134578
0.00134578
0.00134578
0.00134578
0.00134578
0.00134578
0.00134578
0.00134578
0.00134578
0.00134578
0.00134578
0.00134578
0.00134578
0.00134578
0.00134578
0.00134578
0.00134578
0.00134578
0.00134578
0.00134578
0.00134578
0.00134578
0.00134578
0.00134578
0.00134578
0.00134578
0.00134578
0.00134578
0.00134578
0.00134578
0.00134578
0.00134578
0.00134578
0.00134578
0.00134578
0.00134578
0.00134578
0.00134578
0.00134578
0.00134578
0.00134578
0.00134578
0.00134578
0.00134578
0.00134578
0.00134578
0.00134578
0.00134578
0.00134578
0.00134578
0.00134578
0.00134578
0.00134578
0.00134578
0.00134578
0.00134578
0.00134578
0.00134578
0.00134578
0.00134578
0.00134578
0.00134578
0.00134578
0.00134578
0.00134578
0.00134578
0.00134578
0.00134578
0.00134578
0.00134578
0.00134578
0.00134578
0.00134578
0.00134578
0.00134578
0.00134578
0.00134578
0.00134578
0.00134578
0.00134578
0.00134578
0.00134578
0.00134578
0.00134578
0.00134578
0.00134578
0.00134578
0.00134578
0.00134578
0.00134578
0.00134576
0.00134577
0.00134578
0.00134578
0.00134578
0.00134577
0.00134578
0.00134578
0.00134578
0.00134578
0.00134578
0.00134578
0.00134578
0.00134578
0.00134578
0.00134578
0.00134578
0.00134578
0.00134578
0.00134578
0.00134578
0.00134578
0.00134578
0.00134578
0.00134578
0.00134578
0.00134578
0.00134578
0.00134578
0.00134578
0.00134578
0.00134578
0.00134578
0.00134578
0.00134578
0.00134578
0.00134578
0.00134578
0.00134578
0.00134578
0.00134578
0.00134578
0.00134578
0.00134578
0.00134578
0.00134578
0.00134578
0.00134578
0.00134578
0.00134578
0.00134578
0.00134578
0.00134578
0.00134578
0.00134578
0.00134578
0.00134578
0.00134578
0.00134577
0.00134577
0.00134577
0.00134578
0.00134578
0.00131892
0.001333
0.00133957
0.00134458
0.00134481
0.00134557
0.00134079
0.00134578
0.00134578
0.00134578
0.00134577
0.00134578
0.00134578
0.00134578
0.00134578
0.00134578
0.00134578
0.00134578
0.00134578
0.00134578
0.00134578
0.00134578
0.00134578
0.00134578
0.00134578
0.00134578
0.00134578
0.00134578
0.00134578
0.00134578
0.00134578
0.00134578
0.00134578
0.00134578
0.00134578
0.00134578
0.00134578
0.00134578
0.00134578
0.00134578
0.00134578
0.00134578
0.00134578
0.00134578
0.00134578
0.00134578
0.00134578
0.00134578
0.00134578
0.00134578
0.00134578
0.00134577
0.00134578
0.00134578
0.00134578
0.00134241
0.00134564
0.00134526
0.00134473
0.00133813
0.00133492
0.00134143
0.00134577
0.00134577
0.000406708
0.00100635
0.000691247
0.0013015
0.00123674
0.00131561
0.00118894
0.00134576
0.00134566
0.00134577
0.00134558
0.00134578
0.00134578
0.00134578
0.00134578
0.00134578
0.00134578
0.00134578
0.00134578
0.00134578
0.00134578
0.00134578
0.00134578
0.00134578
0.00134578
0.00134578
0.00134578
0.00134578
0.00134578
0.00134578
0.00134578
0.00134578
0.00134578
0.00134578
0.00134578
0.00134578
0.00134578
0.00134578
0.00134578
0.00134578
0.00134578
0.00134578
0.00134578
0.00134578
0.00134578
0.00134578
0.00134578
0.00134578
0.00134578
0.00134578
0.00134578
0.00134459
0.00134572
0.00134529
0.00134564
0.00100979
0.00128645
0.00118436
0.00122373
0.000675951
0.000987876
0.00120232
0.00134575
0.00134573
0.00134573
0.00134548
0.00134566
0.00134567
0.00134572
0.00134549
0.00134578
0.00134578
0.00134577
0.00134576
0.00134578
0.00134577
0.00134577
0.00134578
0.00134578
0.00134578
0.00134578
0.00134578
0.00134578
0.00134578
0.00134578
0.00134578
0.00134578
0.00134578
0.00134578
0.00134578
0.00134578
0.00134578
0.00134578
0.00134578
0.00134578
0.00134578
0.00134578
0.00134578
0.00134578
0.00134578
0.00134578
0.00134578
0.00134578
0.00134578
0.00134578
0.00134578
0.00134578
0.00134578
0.00134578
0.00134578
0.00134578
0.00134578
0.00134578
0.00134578
0.00134578
0.00134577
0.00134578
0.00134578
0.00134578
0.00134578
0.00134577
0.00134577
0.00134577
0.00134577
0.00134556
0.00134574
0.00134577
0.00134576
0.00134576
0.00134373
0.00134148
0.00134435
0.00133846
0.00134577
0.00134575
0.00134577
0.00134574
0.00134578
0.00134578
0.00134578
0.00134578
0.00134578
0.00134578
0.00134578
0.00134578
0.00134578
0.00134578
0.00134578
0.00134578
0.00134578
0.00134578
0.00134578
0.00134578
0.00134577
0.00134578
0.00134577
0.00134578
0.00134508
0.00134564
0.00134527
0.00134559
0.00134554
0.00134564
0.00134571
0.00134578
0.00134578
0.00134578
0.00134578
0.00134578
0.00134578
0.00134578
0.00134578
0.00134578
0.00134578
0.00134578
0.00134578
0.00134578
0.00134576
0.00134573
0.00134575
0.00134577
0.00134577
0.00134543
0.00134578
0.00134578
0.00134577
0.00134578
0.00134578
0.00134578
0.00134578
0.00134578
0.00134578
0.00134578
0.00134578
0.00134578
0.00134578
0.00134578
0.00134578
0.00134578
0.00134578
0.00134578
0.00134577
0.00134578
0.00134566
0.00134576
0.00134576
0.00134577
0.00134577
0.00134574
0.00134566
0.00134572
0.00134578
0.00134578
0.00134578
0.00134578
0.00134578
0.00134577
0.00134578
0.00134578
0.00134578
0.00134578
0.00134578
0.00134578
0.00134578
0.00134578
0.00134578
0.00134578
0.00134578
0.00134578
0.00134578
0.00134578
0.00134578
0.00134578
0.00134578
0.00134578
0.00134578
0.00134578
0.00134578
0.00134578
0.00134578
0.00134578
0.00134578
0.00134578
0.00134578
0.00134578
0.00134578
0.00134578
0.00134578
0.00134578
0.00134578
0.00134578
0.00134578
0.00134578
0.00134577
0.00134577
0.00134577
0.00134577
0.00134576
0.00134577
0.00134576
0.00134578
0.00134578
0.00134533
0.00134578
0.00134578
0.00134577
0.00134578
0.00134578
0.00134578
0.00134578
0.00134578
0.00134578
0.00134578
0.00134578
0.00134578
0.00134578
0.00134578
0.00134578
0.00134578
0.00134578
0.00134578
0.00134578
0.00134578
0.00134578
0.00134578
0.00134578
0.00134578
0.00134578
0.00134578
0.00134578
0.00134562
0.00134577
0.00134578
0.00134578
0.00134578
0.00134578
0.00134578
0.00134578
0.00134578
0.00134578
0.00134578
0.00134578
0.00134578
0.00134578
0.00134578
0.00134578
0.00134578
0.00134578
0.00134578
0.00134578
0.00134578
0.00134578
0.00134578
0.00134578
0.00134578
0.00134578
0.00134578
0.00134578
0.00134578
0.00134578
0.00134578
0.00134578
0.00134578
0.00134577
0.00134577
0.00134577
0.00134578
0.00134578
0.00134578
0.00134578
0.00134578
0.00134577
0.00134577
0.00134577
0.00134578
0.00134578
0.00134578
0.00134578
0.00134578
0.00134578
0.00134578
0.00134578
0.00134578
0.00134578
0.00134578
0.00134578
0.00134578
0.00134578
0.00134578
0.00134578
0.00134578
0.00134578
0.00134578
0.00134578
0.00134578
0.00134578
0.00134578
0.00134578
0.00134578
0.00134578
0.00134578
0.00134578
0.00134578
0.00134578
0.00134578
0.00134578
0.00134578
0.00134578
0.00134578
0.00134578
0.00134578
0.00134578
0.00134578
0.00134578
0.00134578
0.00134578
0.00134578
0.00134578
0.00134578
0.00134578
0.00134578
0.00134578
0.00134578
0.00134578
0.00134578
0.00134578
0.00134578
0.00134578
0.00134578
0.00134578
0.00134578
0.00134578
0.00134578
0.00134578
0.00134578
0.00134578
0.00134578
0.00134578
0.00134578
0.00134578
0.00134577
0.00134577
0.00134577
0.00134578
0.00134578
0.00134578
0.00134578
0.00134578
0.00134578
0.00134578
0.00134578
0.00134577
0.00134577
0.00134578
0.00134578
0.00134577
0.00134578
0.00134578
0.00134578
0.00134578
0.00134578
0.00134578
0.00134578
0.00134578
0.00134578
0.00134578
0.00134578
0.00134578
0.00134578
0.00134578
0.00134578
0.00134578
0.00134578
0.00134578
0.00134578
0.00134578
0.00134578
0.00134578
0.00134578
0.00134578
0.00134578
0.00134578
0.00134578
0.00134578
0.00134578
0.00134578
0.00134577
0.00134577
0.00134577
0.00134577
0.00134577
0.00134577
0.00134577
0.00134575
0.00134577
0.00134577
0.00134578
0.00134577
0.00134578
0.00134577
0.00134577
0.00134577
0.00134576
0.00134577
0.00134578
0.00134577
0.00134578
0.0013448
0.00134569
0.00134564
0.00134517
0.0013381
0.00130878
0.00129611
0.00132189
0.0013431
0.00133989
0.00133434
0.00119434
0.000966445
0.00124256
0.00107898
0.00134504
0.00134574
0.00134576
0.00134574
0.00134576
0.00134483
0.00134568
0.0013452
0.00133668
0.00130015
0.00131
0.00134578
0.00134578
0.00134578
0.00134578
0.00134578
0.00134578
0.00134578
0.00134578
0.00134578
0.00134578
0.00134578
0.00134578
0.00134578
0.00134578
0.00134578
0.00134578
0.00134578
0.00134576
0.00134578
0.00134577
0.00134577
0.00134483
0.00134186
0.0013456
0.00134562
0.00134577
0.00134575
0.00134576
0.00134072
0.00133186
0.00132705
0.00134478
0.00134278
0.00134577
0.00134578
0.00134578
0.00134578
0.00134576
0.00134577
0.00134183
0.0013448
0.00134578
0.00134578
0.00134578
0.00134578
0.00134578
0.00134578
0.00134578
0.00134578
0.00134578
0.00134578
0.00134578
0.00134578
0.00134578
0.00134578
0.00134578
0.00134578
0.00134578
0.00134578
0.00134578
0.00134578
0.00134578
0.00134578
0.00134578
0.00134577
0.00134578
0.00134578
0.00134578
0.00134578
0.00134577
0.00134577
0.00134578
0.00134578
0.00134578
0.00134578
0.00134578
0.00134578
0.00134578
0.00134578
0.00134578
0.00134578
0.00134577
0.00134578
0.00134578
0.00134578
0.00134578
0.00134578
0.00134578
0.00134578
0.00134578
0.00134578
0.00134578
0.00134578
0.00134578
0.00134578
0.00134578
0.00134578
0.00134578
0.00134578
0.00134578
0.00134578
0.00134578
0.00134578
0.00134578
0.00134578
0.00134578
0.00134578
0.00134578
0.00134578
0.00134578
0.00134578
0.00134578
0.00134578
0.00134578
0.00134578
0.00134578
0.00134578
0.00134578
0.00134578
0.00134578
0.00134578
0.00134578
0.00134578
0.00134578
0.00134578
0.00134578
0.00134578
0.00134578
0.00134578
0.00134578
0.00134578
0.00134578
0.00134578
0.00134578
0.00134578
0.00134578
0.00134578
0.00134578
0.00134578
0.00134578
0.00134578
0.00134578
0.00134578
0.00134578
0.00134578
0.00134578
0.00134578
0.00134578
0.00134578
0.00134578
0.00134578
0.00134578
0.00134578
0.00134578
0.00134578
0.00134578
0.00134578
0.00134578
0.00134578
0.00134578
0.00134578
0.00134578
0.00134578
0.00134578
0.00134578
0.00134578
0.00134578
0.00134578
0.00134578
0.00134578
0.00134578
0.00134578
0.00134578
0.00134578
0.00134578
0.00134578
0.00134578
0.00134578
0.00134578
0.00134578
0.00134578
0.00134578
0.00134578
0.00134578
0.00134578
0.00134578
0.00134578
0.00134578
0.00134578
0.00134578
0.00134578
0.00134578
0.00134578
0.00134578
0.00134578
0.00134578
0.00134578
0.00134578
0.00134578
0.00134577
0.00134578
0.00134578
0.00134577
0.00134577
0.00134578
0.00134578
0.00134578
0.00134578
0.00134578
0.00134578
0.00134578
0.00134578
0.00134578
0.00134577
0.00134578
0.00134578
0.00134578
0.00134578
0.00134578
0.00134578
0.00134578
0.00134578
0.00134578
0.00134578
0.00134578
0.00134578
0.00134578
0.00134578
0.00134578
0.00134578
0.00134578
0.00134578
0.0013457
0.00134551
0.00134505
0.00134562
0.00134577
0.00134576
0.00134483
0.00134493
0.0013456
0.00134186
0.00134478
0.00134278
0.00134563
0.00134072
0.00133186
0.00134576
0.00134577
0.00134578
0.00134578
0.0013457
0.00134577
0.00134552
0.0013448
0.00134183
0.00134577
0.00134577
0.00134577
0.00134577
0.00134577
0.00134577
0.00134577
0.00134577
0.00134577
0.00134575
0.00134578
0.00134577
0.00134577
0.00134577
0.00134576
0.00134577
0.00134443
0.0013454
0.00134557
0.00134367
0.0013381
0.00132189
0.00133434
0.00133989
0.00130878
0.00133148
0.00133611
0.00129611
0.00124256
0.00107898
0.00129455
0.00119434
0.000966445
0.00134447
0.00134542
0.00134577
0.00134576
0.00134574
0.00134576
0.0013444
0.00134561
0.00131
0.00130015
0.0013457
0.00134575
0.00134566
0.00134571
0.00134574
0.00134575
0.00134576
0.00134574
0.00134563
0.00134577
0.00134576
0.00134576
0.00134577
0.00134577
0.000857614
0.00087087
0.000406708
0.00104029
0.000910846
0.00133379
0.00134275
0.00134372
0.00133014
0.0013015
0.00123674
0.00118894
0.00131561
0.00133617
0.00134476
0.0013442
0.0013394
0.00134577
0.00134578
0.00134578
0.00134577
0.00134576
0.00134566
0.00134558
0.00134577
0.00134577
0.00134578
0.00134578
0.00134577
0.00134578
0.00134578
0.00134578
0.00134578
0.00134578
0.00134578
0.00134578
0.00134578
0.00134578
0.00134578
0.00134578
0.00134578
0.00134578
0.00134578
0.00134578
0.00134578
0.00134578
0.00134578
0.00134578
0.00134578
0.00134578
0.00134578
0.00134578
0.00134578
0.00134578
0.00134578
0.00134578
0.00134578
0.00134578
0.00134578
0.00134578
0.00134578
0.00134578
0.00134578
0.00134578
0.00134578
0.00134578
0.00134578
0.00134578
0.00134578
0.00134578
0.00134578
0.00134578
0.00134578
0.00134578
0.00134578
0.00134578
0.00134578
0.00134578
0.00134578
0.00134578
0.00134578
0.00134578
0.00134578
0.00134578
0.00134578
0.00134578
0.00134578
0.00134578
0.00134578
0.00134578
0.00134578
0.00134578
0.00134578
0.00134578
0.00134578
0.00134578
0.00134578
0.00134578
0.00134578
0.00134578
0.00134578
0.00134578
0.00134578
0.00134578
0.00134578
0.00134578
0.00134578
0.00134578
0.00134578
0.00134578
0.00134578
0.00134578
0.00134578
0.00134578
0.00134578
0.00134578
0.00134578
0.00134578
0.00134578
0.00134578
0.00134578
0.00134578
0.00134578
0.00134578
0.00134578
0.00134578
0.00134578
0.00134578
0.00134578
0.00134578
0.00134578
0.00134578
0.00134578
0.00134578
0.00134578
0.00134578
0.00134578
0.00134577
0.00134571
0.00134575
0.00134577
0.00134578
0.00134578
0.00134578
0.00134578
0.00134577
0.00134577
0.00134576
0.00134578
0.00133353
0.00127394
0.00129219
0.00132759
0.00134459
0.00134572
0.00134564
0.00134529
0.00133841
0.00132958
0.00131145
0.00134249
0.000329915
0.00029208
0.00100979
0.00128645
0.00122373
0.00118436
0.000620244
0.000934608
0.000374596
0.00102833
0.000675951
0.000987876
0.00120232
0.000399505
0.000279019
0.000825479
0.000428528
0.000304978
0.000866573
0.001331
0.00134378
0.00133435
0.00119962
0.00131666
0.00130303
0.00134424
0.00133966
0.00133656
0.00134578
0.00134578
0.00134578
0.00134578
0.00134578
0.00134578
0.00134578
0.00134578
0.00134578
0.00134578
0.00134578
0.00134578
0.00134578
0.00134578
0.00120208
0.00129443
0.00131892
0.001333
0.00134277
0.0013316
0.00134485
0.00134534
0.00134282
0.00134565
0.00134458
0.00134481
0.00134079
0.00134557
0.00134558
0.00134577
0.00134575
0.00134575
0.00134578
0.00134578
0.00134578
0.00134578
0.00134578
0.00134578
0.00134577
0.00134578
0.00134578
0.00134578
0.00134578
0.00134578
0.00134578
0.00134578
0.00134578
0.00134578
0.00134578
0.00134578
0.00134578
0.00134578
0.00134578
0.00134578
0.00134578
0.00134578
0.00134578
0.00134578
0.00134578
0.00134578
0.00134578
0.00134578
0.00134578
0.00134578
0.00134578
0.00134578
0.00134578
0.00134578
0.00134578
0.00134578
0.00134578
0.00134578
0.00134578
0.00134578
0.00134578
0.00134578
0.00134578
0.00134578
0.00134578
0.00134578
0.00134578
0.00134578
0.00134578
0.00134578
0.00134578
0.00134578
0.00134578
0.00134578
0.00134578
0.00134578
0.00134578
0.00134578
0.00134578
0.00134578
0.00134578
0.00134578
0.00134578
0.00134578
0.00134578
0.00134578
0.00134578
0.00134578
0.00134578
0.00134578
0.00134578
0.00134578
0.00134578
0.00134578
0.00134578
0.00134578
0.00134578
0.00134578
0.00134578
0.00134578
0.00134578
0.00134578
0.00134578
0.00134578
0.00134578
0.00134578
0.00134578
0.00134578
0.00134578
0.00134578
0.00134578
0.00134578
0.00134578
0.00134578
0.00134578
0.00134578
0.00134578
0.00134578
0.00134578
0.00134578
0.00134578
0.00134578
0.00134578
0.00134578
0.00134578
0.00134578
0.00134578
0.00134578
0.00134578
0.00134578
0.00134578
0.00134578
0.00134578
0.00134578
0.00134578
0.00134578
0.00134578
0.00134578
0.00134578
0.00134577
0.00134578
0.00134578
0.00134578
0.00134578
0.00134578
0.00134578
0.00134578
0.00134578
0.00134578
0.00134578
0.00134557
0.00134032
0.00134476
0.00134448
0.00134577
0.00134578
0.00134578
0.00134578
0.00134575
0.00134575
0.00134556
0.00134577
0.00131345
0.00123235
0.00134241
0.00134564
0.00134473
0.00134526
0.00133857
0.00134389
0.00133556
0.00134454
0.00133813
0.00133492
0.00126322
0.00124854
0.00129037
0.00132351
0.00131935
0.00133061
0.00134295
0.00134566
0.00134489
0.00134115
0.00134558
0.00134463
0.00134576
0.00134575
0.00134559
0.00134578
0.00134578
0.00134578
0.00134578
0.00134578
0.00134578
0.00134578
0.00134578
0.00134578
0.00134578
0.00134578
0.00134578
0.00134578
0.00134578
0.00134578
0.0013453
0.00134572
0.00134576
0.00134577
0.00134577
0.00134578
0.00134577
0.00134578
0.00134578
0.00134577
0.00134578
0.00134578
0.00134578
0.00134577
0.00134578
0.00134578
0.00134578
0.00134578
0.00134578
0.00134578
0.00134578
0.00134578
0.00134578
0.00134578
0.00134578
0.00134578
0.00134578
0.00134578
0.00134578
0.00134578
0.00134578
0.00134578
0.00134578
0.00134578
0.00134578
0.00134578
0.00134578
0.00134578
0.00134578
0.00134578
0.00134578
0.00134578
0.00134578
0.00134578
0.00134578
0.00134578
0.00134578
0.00134578
0.00134578
0.00134578
0.00134578
0.00134578
0.00134578
0.00134578
0.00134578
0.00134578
0.00134578
0.00134578
0.00134578
0.00134578
0.00134578
0.00134578
0.00134578
0.00134578
0.00134578
0.00134578
0.00134578
0.00134578
0.00134578
0.00134578
0.00134578
0.00134578
0.00134578
0.00134578
0.00134578
0.00134578
0.00134578
0.00134578
0.00134578
0.00134578
0.00134578
0.00134578
0.00134578
0.00134578
0.00134578
0.00134578
0.00134578
0.00134578
0.00134578
0.00134578
0.00134578
0.00134578
0.00134578
0.00134578
0.00134578
0.00134578
0.00134578
0.00134578
0.00134578
0.00134578
0.00134578
0.00134578
0.00134578
0.00134578
0.00134578
0.00134578
0.00134578
0.00134578
0.00134578
0.00134578
0.00134578
0.00134578
0.00134578
0.00134578
0.00134578
0.00134578
0.00134578
0.00134578
0.00134578
0.00134578
0.00134578
0.00134578
0.00134578
0.00134578
0.00134578
0.00134578
0.00134578
0.00134578
0.00134578
0.00134578
0.00134578
0.00134578
0.00134578
0.00134578
0.00134578
0.00134578
0.00134578
0.00134578
0.00134578
0.00134578
0.00134578
0.00134578
0.00134578
0.00134578
0.00134578
0.00134578
0.00134578
0.00134578
0.00134578
0.00134578
0.00134578
0.00134578
0.00134577
0.00134578
0.00134578
0.00134578
0.00134578
0.00134578
0.00134578
0.00134578
0.00134578
0.00134578
0.00134578
0.00134576
0.00134562
0.00134578
0.00134578
0.00134578
0.00134578
0.00134577
0.00134578
0.00134577
0.00134578
0.00134577
0.00134577
0.00134577
0.00134568
0.00134566
0.00134572
0.00134577
0.00134576
0.00134577
0.00134577
0.00134578
0.00134578
0.00134577
0.00134578
0.00134578
0.00134578
0.00134578
0.00134578
0.00134578
0.00134578
0.00134578
0.00134578
0.00134578
0.00134578
0.00134578
0.00134578
0.00134578
0.00134578
0.00134578
0.00134578
0.00134578
0.00134578
0.00134578
0.00134578
0.00134578
0.00134578
0.00134578
0.00134578
0.00134578
0.00134578
0.00134578
0.00134578
0.00134578
0.00134578
0.00134578
0.00134578
0.00134578
0.00134578
0.00134578
0.00134578
0.00134578
0.00134578
0.00134578
0.00134578
0.00134578
0.00134578
0.00134578
0.00134578
0.00134578
0.00134578
0.00134578
0.00134578
0.00134578
0.00134578
0.00134578
0.00134578
0.00134578
0.00134578
0.00134578
0.00134578
0.00134578
0.00134578
0.00134578
0.00134578
0.00134578
0.00134578
0.00134578
0.00134578
0.00134578
0.00134578
0.00134578
0.00134578
0.00134578
0.00134578
0.00134578
0.00134578
0.00134578
0.00134578
0.00134578
0.00134578
0.00134578
0.00134578
0.00134578
0.00134578
0.00134578
0.00134578
0.00134578
0.00134578
0.00134578
0.00134578
0.00134578
0.00134578
0.00134578
0.00134578
0.00134578
0.00134578
0.00134578
0.00134578
0.00134578
0.00134578
0.00134578
0.00134578
0.00134578
0.00134578
0.00134578
0.00134578
0.00134578
0.00134578
0.00134578
0.00134578
0.00134578
0.00134578
0.00134578
0.00134578
0.00134578
0.00134578
0.00134578
0.00134578
0.00134578
0.00134578
0.00134578
0.00134578
0.00134578
0.00134578
0.00134578
0.00134578
0.00134578
0.00134578
0.00134578
0.00134578
0.00134578
0.00134578
0.00134578
0.00134578
0.00134578
0.00134578
0.00134578
0.00134578
0.00134578
0.00134578
0.00134578
0.00134578
0.00134578
0.00134578
0.00134578
0.00134578
0.00134578
0.00134578
0.00134578
0.00134578
0.00134578
0.00134578
0.00134578
0.00134578
0.00134578
0.00134578
0.00134578
0.00134578
0.00134578
0.00134578
0.00134578
0.00134578
0.00134578
0.00134578
0.00134578
0.00134578
0.00134578
0.00134578
0.00134578
0.00134578
0.00134578
0.00134578
0.00134578
0.00134578
0.00134578
0.00134578
0.00134578
0.00134578
0.00134578
0.00134578
0.00134578
0.00134578
0.00134578
0.00134578
0.00134578
0.00134578
0.00134578
0.00134578
0.00134578
0.00134578
0.00134578
0.00134578
0.00134578
0.00134578
0.00134578
0.00134578
0.00134578
0.00134578
0.00134578
0.00134578
0.00134578
0.00134578
0.00134578
0.00134578
0.00134578
0.00134578
0.00134578
0.00134578
0.00134578
0.00134578
0.00134578
0.00134578
0.00134578
0.00134578
0.00134578
0.00134578
0.00134578
0.00134578
0.00134578
0.00134578
0.00134578
0.00134578
0.00134578
0.00134578
0.00134578
0.00134578
0.00134578
0.00134578
0.00134578
0.00134578
0.00134578
0.00134578
0.00134578
0.00134578
0.00134578
0.00134578
0.00134578
0.00134578
0.00134578
0.00134578
0.00134578
0.00134578
0.00134578
0.00134578
0.00134578
0.00134578
0.00134578
0.00134578
0.00134578
0.00134578
0.00134578
0.00134578
0.00134578
0.00134578
0.00134578
0.00134578
0.00134578
0.00134578
0.00134578
0.00134578
0.00134578
0.00134578
0.00134578
0.00134578
0.00134578
0.00134578
0.00134578
0.00134578
0.00134578
0.00134578
0.00134578
0.00134578
0.00134578
0.00134578
0.00134578
0.00134578
0.00134578
0.00134578
0.00134578
0.00134578
0.00134578
0.00134578
0.00134578
0.00134578
0.00134578
0.00134578
0.00134578
0.00134578
0.00134578
0.00134578
0.00134578
0.00134578
0.00134578
0.00134578
0.00134578
0.00134578
0.00134578
0.00134578
0.00134578
0.00134578
0.00134578
0.00134578
0.00134578
0.00134578
0.00134578
0.00134578
0.00134578
0.00134578
0.00134578
0.00134578
0.00134578
0.00134578
0.00134578
0.00134578
0.00134578
0.00134578
0.00134578
0.00134578
0.00134578
0.00134578
0.00134578
0.00134578
0.00134578
0.00134578
0.00134578
0.00134578
0.00134578
0.00134578
0.00134578
0.00134578
0.00134578
0.00134578
0.00134578
0.00134578
0.00134578
0.00134578
0.00134578
0.00134578
0.00134578
0.00134578
0.00134578
0.00134578
0.00134578
0.00134578
0.00134578
0.00134578
0.00134578
0.00134578
0.00134578
0.00134578
0.00134578
0.00134578
0.00134578
0.00134578
0.00134578
0.00134578
0.00134578
0.00134578
0.00134578
0.00134578
0.00134578
0.00134578
0.00134578
0.00134578
0.00134578
0.00134578
0.00134578
0.00134578
0.00134578
0.00134578
0.00134578
0.00134578
0.00134578
0.00134578
0.00134578
0.00134578
0.00134578
0.00134578
0.00134578
0.00134578
0.00134578
0.00134578
0.00134578
0.00134578
0.00134578
0.00134578
0.00134578
0.00134578
0.00134578
0.00134578
0.00134578
0.00134578
0.00134578
0.00134578
0.00134578
0.00134578
0.00134578
0.00134578
0.00134578
0.00134578
0.00134578
0.00134578
0.00134578
0.00134578
0.00134578
0.00134578
0.00134578
0.00134578
0.00134578
0.00134578
0.00134578
0.00134578
0.00134578
0.00134578
0.00134578
0.00134578
0.00134578
0.00134578
0.00134578
0.00134578
0.00134578
0.00134578
0.00134578
0.00134578
0.00134578
0.00134578
0.00134578
0.00134578
0.00134578
0.00134578
0.00134578
0.00134578
0.00134578
0.00134578
0.00134578
0.00134578
0.00134577
0.00134562
0.00134571
0.0013453
0.00134572
0.00134578
0.00134578
0.00134578
0.00134578
0.00134577
0.00134564
0.00134576
0.00134575
0.00134578
0.00134578
0.00134578
0.00134577
0.00134578
0.00134578
0.00134578
0.00134578
0.00134578
0.00134578
0.00134578
0.00134578
0.00134578
0.00134578
0.00134578
0.00134578
0.00134578
0.00134578
0.00134578
0.00134578
0.00134578
0.00134578
0.00134578
0.00134578
0.00134578
0.00134578
0.00134578
0.00134578
0.00134578
0.00134578
0.00134578
0.00134578
0.00134578
0.00134578
0.00134578
0.00134578
0.00134578
0.00134578
0.00134578
0.00134578
0.00134578
0.00134578
0.00134578
0.00134578
0.00134578
0.00134578
0.00134578
0.00134578
0.00134578
0.00134578
0.00134578
0.00134578
0.00134578
0.00134578
0.00134578
0.00134578
0.00134578
0.00134578
0.00134578
0.00134578
0.00134578
0.00134578
0.00134578
0.00134578
0.00134578
0.00134578
0.00134578
0.00134578
0.00134578
0.00134578
0.00134578
0.00134578
0.00134578
0.00134578
0.00134578
0.00134578
0.00134578
0.00134578
0.00134578
0.00134578
0.00134578
0.00134578
0.00134578
0.00134578
0.00134578
0.00134578
0.00134578
0.00134578
0.00134578
0.00134578
0.00134578
0.00134578
0.00134578
0.00134578
0.00134578
0.00134578
0.00134578
0.00134578
0.00134578
0.00134578
0.00134578
0.00134578
0.00134578
0.00134578
0.00134578
0.00134578
0.00134578
0.00134578
0.00134578
0.00134578
0.00134578
0.00134578
0.00134578
0.00134578
0.00134578
0.00134578
0.00134578
0.00134578
0.00134578
0.00134578
0.00134578
0.00134578
0.00134578
0.00134578
0.00134578
0.00134578
0.00134578
0.00134578
0.00134578
0.00134578
0.00134578
0.00134578
0.00134578
0.00134578
0.00134578
0.00134578
0.00134578
0.00134578
0.00134578
0.00134578
0.00134578
0.00134578
0.00134578
0.00134578
0.00134578
0.00134577
0.00134578
0.00134578
0.00134577
0.00134578
0.00134577
0.00134577
0.00134576
0.00134577
0.00134572
0.00134576
0.00134551
0.00134575
0.00134562
0.00134575
0.00134574
0.00134577
0.00134576
0.00134577
0.00134568
0.00134566
0.00134572
0.00134578
0.00134578
0.00134578
0.00134576
0.00134575
0.00134577
0.00134578
0.00134577
0.00134578
0.00134578
0.00134578
0.00134578
0.00134578
0.00134578
0.00134578
0.00134578
0.00134578
0.00134578
0.00134578
0.00134577
0.00134578
0.00134577
0.00134577
0.00134578
0.00134277
0.0013316
0.00125249
0.00120208
0.00129443
0.00134558
0.00134577
0.00134575
0.00134575
0.00134081
0.00129258
0.00132683
0.00133121
0.00134485
0.00134534
0.00134565
0.00134282
0.00134578
0.00134578
0.00134578
0.00134578
0.00134577
0.00134573
0.00134576
0.00134577
0.00134578
0.00134578
0.00134578
0.00134578
0.00134578
0.00134578
0.00134578
0.00134578
0.00134578
0.00134578
0.00134578
0.00134578
0.00134578
0.00134578
0.00134578
0.00134578
0.00134578
0.00134578
0.00134578
0.00134578
0.00134578
0.00134578
0.00134578
0.00134578
0.00134578
0.00134578
0.00134578
0.00134578
0.00134578
0.00134578
0.00134578
0.00134578
0.00134578
0.00134578
0.00134578
0.00134578
0.00134578
0.00134578
0.00134578
0.00134578
0.00134578
0.00134578
0.00134578
0.00134578
0.00134578
0.00134578
0.00134578
0.00134578
0.00134578
0.00134578
0.00134578
0.00134578
0.00134578
0.00134578
0.00134578
0.00134578
0.00134578
0.00134578
0.00134578
0.00134578
0.00134578
0.00134578
0.00134578
0.00134578
0.00134578
0.00134578
0.00134578
0.00134578
0.00134578
0.00134578
0.00134578
0.00134578
0.00134578
0.00134578
0.00134578
0.00134578
0.00134578
0.00134578
0.00134578
0.00134578
0.00134578
0.00134578
0.00134578
0.00134578
0.00134578
0.00134578
0.00134578
0.00134578
0.00134578
0.00134578
0.00134578
0.00134578
0.00134578
0.00134578
0.00134578
0.00134578
0.00134578
0.00134578
0.00134578
0.00134578
0.00134578
0.00134578
0.00134578
0.00134578
0.00134578
0.00134578
0.00134578
0.00134578
0.00134578
0.00134578
0.00134578
0.00134578
0.00134578
0.00134578
0.00134578
0.00134578
0.00134578
0.00134578
0.00134578
0.00134578
0.00134578
0.00134577
0.00134578
0.00134578
0.00134575
0.00134575
0.00134577
0.00134556
0.00134575
0.00134576
0.00134577
0.00134564
0.00134557
0.00134032
0.00134448
0.00134476
0.00133857
0.00134454
0.00133556
0.00132964
0.00132468
0.00134027
0.0012873
0.00131345
0.00119802
0.00130232
0.00123235
0.00131326
0.00130546
0.00132351
0.00131935
0.00133061
0.00126322
0.00124854
0.00129037
0.00134575
0.00134576
0.00134559
0.00132816
0.00133176
0.00134102
0.00134566
0.00134295
0.00134489
0.00134575
0.0013457
0.00134574
0.00134575
0.00134566
0.00134571
0.00134577
0.00134576
0.00134576
0.00134574
0.00134563
0.00134573
0.00134574
0.00134566
0.00104029
0.000910846
0.000376296
0.000962564
0.000857614
0.00087087
0.00133617
0.00134476
0.0013394
0.0013442
0.00129285
0.00114839
0.0011661
0.001283
0.00133379
0.00134275
0.00134372
0.00133014
0.00134577
0.00134578
0.00134577
0.00134578
0.00134575
0.00134533
0.00134552
0.00134573
0.00134577
0.00134578
0.00134578
0.00134577
0.00134578
0.00134578
0.00134578
0.00134578
0.00134578
0.00134578
0.00134578
0.00134578
0.00134578
0.00134578
0.00134578
0.00134578
0.00134578
0.00134578
0.00134578
0.00134578
0.00134578
0.00134578
0.00134578
0.00134578
0.00134578
0.00134578
0.00134578
0.00134578
0.00134578
0.00134578
0.00134578
0.00134578
0.00134578
0.00134578
0.00134578
0.00134578
0.00134578
0.00134578
0.00134578
0.00134578
0.00134578
0.00134578
0.00134578
0.00134578
0.00134578
0.00134578
0.00134578
0.00134578
0.00134578
0.00134578
0.00134578
0.00134578
0.00134578
0.00134578
0.00134578
0.00134578
0.00134578
0.00134578
0.00134578
0.00134578
0.00134578
0.00134578
0.00134578
0.00134578
0.00134578
0.00134578
0.00134578
0.00134578
0.00134578
0.00134578
0.00134578
0.00134578
0.00134578
0.00134578
0.00134578
0.00134578
0.00134578
0.00134578
0.00134578
0.00134578
0.00134578
0.00134578
0.00134578
0.00134578
0.00134578
0.00134578
0.00134578
0.00134578
0.00134578
0.00134578
0.00134578
0.00134578
0.00134578
0.00134578
0.00134578
0.00134578
0.00134578
0.00134578
0.00134578
0.00134578
0.00134578
0.00134578
0.00134578
0.00134578
0.00134578
0.00134578
0.00134578
0.00134578
0.00134578
0.00134578
0.00134578
0.00134578
0.00134577
0.00134577
0.00134578
0.00134576
0.00134578
0.00134578
0.00134578
0.00134578
0.00134577
0.00134571
0.00134575
0.00134577
0.00133841
0.00132958
0.00134249
0.00131145
0.00134365
0.00134523
0.0013455
0.00134219
0.00133353
0.00127394
0.00129219
0.00132759
0.000620244
0.000934608
0.00102833
0.00086474
0.00112268
0.0011645
0.000798624
0.000329915
0.00029208
0.000416519
0.000937872
0.000428528
0.000304978
0.000866573
0.000399505
0.000279019
0.000825479
0.00133966
0.00134424
0.00133656
0.00117812
0.00128572
0.00129485
0.00134378
0.001331
0.00133435
0.00134577
0.00134577
0.00134577
0.00134576
0.00134574
0.00134577
0.00134577
0.00134577
0.00134574
0.00134577
0.00134576
0.00134576
0.00134553
0.0013457
0.00134569
0.00134578
0.00134578
0.00134577
0.00134578
0.00134578
0.00134578
0.00134578
0.00134578
0.00134578
0.00134578
0.00134578
0.00134578
0.00134578
0.00134578
0.00134578
0.00134578
0.00134578
0.00134577
0.00134577
0.00134578
0.00134578
0.00134578
0.00134578
0.00134578
0.00134578
0.00134578
0.00134578
0.00134578
0.00134578
0.00134578
0.00134578
0.00134578
0.00134578
0.00134578
0.00134578
0.00134578
0.00134578
0.00134578
0.00134578
0.00134578
0.00134578
0.00134578
0.00134578
0.00134578
0.00134578
0.00134578
0.00134578
0.00134578
0.00134578
0.00134578
0.00134578
0.00134578
0.00134578
0.00134578
0.00134578
0.00134578
0.00134578
0.00134578
0.00134578
0.00134578
0.00134578
0.00134578
0.00134578
0.00134578
0.00134578
0.00134578
0.00134578
0.00134578
0.00134578
0.00134578
0.00134578
0.00134578
0.00134578
0.00134578
0.00134578
0.00134578
0.00134578
0.00134578
0.00134578
0.00134578
0.00134578
0.00134578
0.00134578
0.00134578
0.00134578
0.00134578
0.00134578
0.00134578
0.00134578
0.00134578
0.00134578
0.00134578
0.00134578
0.00134578
0.00134578
0.00134578
0.00134578
0.00134578
0.00134578
0.00134578
0.00134578
0.00134578
0.00134578
0.00134577
0.00134578
0.00134578
0.00134578
0.00134577
0.00134578
0.00134577
0.00134578
0.00134578
0.00134577
0.00134576
0.00134577
0.00134575
0.00134573
0.00134571
0.00134577
0.00134577
0.00134577
0.00134548
0.00134573
0.00134576
0.00134574
0.00134576
0.00134566
0.00134567
0.00134572
0.00134549
0.00134569
0.00134553
0.00134567
0.00134574
0.00134548
0.0013442
0.00134507
0.00134518
0.00134567
0.00134571
0.00134575
0.00134552
0.00134561
0.00134549
0.00134571
0.00134576
0.0013456
0.00134575
0.00134577
0.00134576
0.00134578
0.00134577
0.00134578
0.00134577
0.00134576
0.00134577
0.00134577
0.00134578
0.00134578
0.00134578
0.00134578
0.00134577
0.00134577
0.00134578
0.00134578
0.00134577
0.00134578
0.00134578
0.00134578
0.00134578
0.00134578
0.00134578
0.00134578
0.00134578
0.00134578
0.00134578
0.00134578
0.00134578
0.00134578
0.00134578
0.00134578
0.00134578
0.00134578
0.00134578
0.00134578
0.00134578
0.00134578
0.00134578
0.00134578
0.00134578
0.00134578
0.00134578
0.00134578
0.00134578
0.00134578
0.00134578
0.00134578
0.00134578
0.00134578
0.00134578
0.00134578
0.00134578
0.00134578
0.00134578
0.00134578
0.00134578
0.00134578
0.00134578
0.00134578
0.00134578
0.00134578
0.00134578
0.00134578
0.00134578
0.00134578
0.00134578
0.00134578
0.00134578
0.00134578
0.00134578
0.00134578
0.00134578
0.00134578
0.00134578
0.00134578
0.00134578
0.00134578
0.00134578
0.00134578
0.00134578
0.00134578
0.00134578
0.00134578
0.00134578
0.00134578
0.00134578
0.00134578
0.00134578
0.00134578
0.00134578
0.00134578
0.00134578
0.00134578
0.00134578
0.00134578
0.00134578
0.00134577
0.00134578
0.00134578
0.00134578
0.00134578
0.00134577
0.00134576
0.00134577
0.00134577
0.00134578
0.00134578
0.00134577
0.00134577
0.00134578
0.00134578
0.00134577
0.00134578
0.00134574
0.00134567
0.00134556
0.00134567
0.00134571
0.00134575
0.00134552
0.00134548
0.0013442
0.00134507
0.00134518
0.00134571
0.00134576
0.00134561
0.00134549
0.00134577
0.00134576
0.0013456
0.00134575
0.00134508
0.00134564
0.00134527
0.00134559
0.0013439
0.00133971
0.00134513
0.0013456
0.00134566
0.00134576
0.00134577
0.00134577
0.00134578
0.00134577
0.00134578
0.00134577
0.00134574
0.00134575
0.00134577
0.00134578
0.00134578
0.00134578
0.00134578
0.00134578
0.00134578
0.00134578
0.00134578
0.00134578
0.00134578
0.00134578
0.00134578
0.00134578
0.00134578
0.00134578
0.00134578
0.00134578
0.00134578
0.00134578
0.00134578
0.00134578
0.00134578
0.00134578
0.00134578
0.00134578
0.00134578
0.00134578
0.00134578
0.00134578
0.00134578
0.00134578
0.00134578
0.00134578
0.00134578
0.00134578
0.00134578
0.00134578
0.00134578
0.00134578
0.00134578
0.00134578
0.00134578
0.00134578
0.00134578
0.00134578
0.00134578
0.00134578
0.00134578
0.00134578
0.00134578
0.00134578
0.00134577
0.00134575
0.00134577
0.00134574
0.00134577
0.00134578
0.00134577
0.00134574
0.00134578
0.00134578
0.00134373
0.00134148
0.00134435
0.00133846
0.00134513
0.0013456
0.00134566
0.0013439
0.00133971
0.00134577
0.00134577
0.00134576
0.00134562
0.00134572
0.00134577
0.00134577
0.00134577
0.00134577
0.00134578
0.00134578
0.00134573
0.0013456
0.00134571
0.00134578
0.00134578
0.00134578
0.00134578
0.00134578
0.00134578
0.00134578
0.00134578
0.00134578
0.00134577
0.00134578
0.00134578
0.00134578
0.00134578
0.00134578
0.00134578
0.00134578
0.00134578
0.00134578
0.00134578
0.00134578
0.00134578
0.00134578
0.00134578
0.00134578
0.00134578
0.00134578
0.00134578
0.00134578
0.00134578
0.00134578
0.00134578
0.00134578
0.00134578
0.00134578
0.00134578
0.00134578
0.00134578
0.00134578
0.00134578
0.00134578
0.00134578
0.00134578
0.00134578
0.00134578
0.00134578
0.00134578
0.00134577
0.00134577
0.00134578
0.00134578
0.00134578
0.00134578
0.00134578
0.00134578
0.00134578
0.00134577
0.00134554
0.00134577
0.00134578
0.00134578
0.00134575
0.00134572
0.00134577
0.00134577
0.00134564
0.00134571
0.0013456
0.00134577
0.00134577
0.00134578
0.00134577
0.00134551
0.00134552
0.00134573
0.00134577
0.00134576
0.00134577
0.00134566
0.00134578
0.00134578
0.00134578
0.00134577
0.00134577
0.00134577
0.00134578
0.00134578
0.00134578
0.00134578
0.00134578
0.00134578
0.00134578
0.00134578
0.00134578
0.00134578
0.00134578
0.00134578
0.00134578
0.00134578
0.00134578
0.00134578
0.00134578
0.00134578
0.00134578
0.00134578
0.00134578
0.00134578
0.00134578
0.00134578
0.00134578
0.00134578
0.00134578
0.00134578
0.00134578
0.00134578
0.00134578
0.00134578
0.00134578
0.00134578
0.00134578
0.00134578
0.00134578
0.00134578
0.00134578
0.00134578
0.00134578
0.00134578
0.00134578
0.00134578
0.00134578
0.00134578
0.00134578
0.00134578
0.00134578
0.00134578
0.00134578
0.00134578
0.00134578
0.00134578
0.00134578
0.00134578
0.00134578
0.00134577
0.00134577
0.00134578
0.00134577
0.00134577
0.00134577
0.00134577
0.00134577
0.00134577
0.00134577
0.00134576
0.00134566
0.00134551
0.00134573
0.00134552
0.00134543
0.00134577
0.00134577
0.00134577
0.00134577
0.00134577
0.00134577
0.00134578
0.00134578
0.00134578
0.00134578
0.00134577
0.00134578
0.00134577
0.00134578
0.00134578
0.00134578
0.00134578
0.00134578
0.00134578
0.00134578
0.00134578
0.00134578
0.00134578
0.00134578
0.00134578
0.00134578
0.00134578
0.00134578
0.00134578
0.00134578
0.00134578
0.00134578
0.00134578
0.00134578
0.00134578
0.00134578
0.00134578
0.00134578
0.00134578
0.00134578
0.00134578
0.00134578
0.00134578
0.00134578
0.00134578
0.00134578
0.00134578
0.00134578
0.00134578
0.00134578
0.00134578
0.00134578
0.00134578
0.00134578
0.00134578
0.00134578
0.00134578
0.00134578
0.00134578
0.00134578
0.00134578
0.00134578
0.00134578
0.00134578
0.00134578
0.00134578
0.00134578
0.00134578
0.00134578
0.00134578
0.00134578
0.00134578
0.00134578
0.00134578
0.00134578
0.00134578
0.00134578
0.00134578
0.00134578
0.00134578
0.00134578
0.00134578
0.00134578
0.00134578
0.00134578
0.00134578
0.00134578
0.00134578
0.00134578
0.00134578
0.00134578
0.00134578
0.00134578
0.00134578
0.00134578
0.00134578
0.00134577
0.00134577
0.00134577
0.00134578
0.00134577
0.00134577
0.00134578
0.00134578
0.00134578
0.00134578
0.00134578
0.00134578
0.00134577
0.00134577
0.00134578
0.00134578
0.00134578
0.00134578
0.00134578
0.00134577
0.00134578
0.00134577
0.00134577
0.00134578
0.00134578
0.00134577
0.00134578
0.00134502
0.00134562
0.00134552
0.00134578
0.00134578
0.00134578
0.00134578
0.00134578
0.00134578
0.00134578
0.00134578
0.00134578
0.00134578
0.00134578
0.00134578
0.00134578
0.00134577
0.00134578
0.00134578
0.00134578
0.00134578
0.00134578
0.00134578
0.00134578
0.00134578
0.00134578
0.00134578
0.00134578
0.00134578
0.00134578
0.00134578
0.00134578
0.00134578
0.00134578
0.00134578
0.00134578
0.00134578
0.00134578
0.00134578
0.00134578
0.00134578
0.00134578
0.00134578
0.00134578
0.00134578
0.00134578
0.00134578
0.00134578
0.00134578
0.00134578
0.00134578
0.00134578
0.00134578
0.00134578
0.00134578
0.00134578
0.00134578
0.00134578
0.00134578
0.00134578
0.00134578
0.00134578
0.00134578
0.00134578
0.00134578
0.00134578
0.00134578
0.00134578
0.00134578
0.00134578
0.00134578
0.00134578
0.00134578
0.00134578
0.00134578
0.00134578
0.00134578
0.00134578
0.00134578
0.00134578
0.00134578
0.00134578
0.00134578
0.00134578
0.00134578
0.00134578
0.00134578
0.00134578
0.00134578
0.00134578
0.00134578
0.00134578
0.00134578
0.00134578
0.00134578
0.00134578
0.00134577
0.00134577
0.00134578
0.00134578
0.00134578
0.00134578
0.00134578
0.00134578
0.00134578
0.00134578
0.00134577
0.00134578
0.00134577
0.00134578
0.00134578
0.00134577
0.00134577
0.00134552
0.00134533
0.00134502
0.00134577
0.00134578
0.00134578
0.00134577
0.00134578
0.00134578
0.00134577
0.00134577
0.00134577
0.00134578
0.00134578
0.00134578
0.00134578
0.00134578
0.00134578
0.00134578
0.00134578
0.00134578
0.00134578
0.00134578
0.00134578
0.00134578
0.00134578
0.00134578
0.00134578
0.00134578
0.00134578
0.00134578
0.00134578
0.00134578
0.00134578
0.00134578
0.00134578
0.00134578
0.00134578
0.00134578
0.00134578
0.00134578
0.00134578
0.00134578
0.00134578
0.00134578
0.00134578
0.00134578
0.00134578
0.00134578
0.00134578
0.00134578
0.00134578
0.00134578
0.00134578
0.00134578
0.00134578
0.00134578
0.00134578
0.00134578
0.00134578
0.00134578
0.00134578
0.00134578
0.00134578
0.00134578
0.00134578
0.00134578
0.00134578
0.00134578
0.00134578
0.00134578
0.00134578
0.00134578
0.00134578
0.00134578
0.00134578
0.00134578
0.00134578
0.00134578
0.00134578
0.00134578
0.00134578
0.00134578
0.00134578
0.00134578
0.00134578
0.00134578
0.00134578
0.00134578
0.00134578
0.00134578
0.00134578
0.00134578
0.00134578
0.00134578
0.00134578
0.00134578
0.00134578
0.00134578
0.00134578
0.00134578
0.00134578
0.00134578
0.00134578
0.00134578
0.00134578
0.00134578
0.00134578
0.00134578
0.00134578
0.00134578
0.00134578
0.00134578
0.00134578
0.00134578
0.00134578
0.00134578
0.00134578
0.00134578
0.00134578
0.00134578
0.00134578
0.00134578
0.00134578
0.00134578
0.00134578
0.00134578
0.00134578
0.00134578
0.00134578
0.00134578
0.00134578
0.00134578
0.00134578
0.00134578
0.00134578
0.00134577
0.00134577
0.00134578
0.00134577
0.00134578
0.00134578
0.00134578
0.00134577
0.00134577
0.00134578
0.00134578
0.00134578
0.00134578
0.00134578
0.00134578
0.00134578
0.00134577
0.00134577
0.00134577
0.00134577
0.00134577
0.00134577
0.00134577
0.00134578
0.00134578
0.00134578
0.00134578
0.00134578
0.00134578
0.00134578
0.00134578
0.00134578
0.00134578
0.00134578
0.00134578
0.00134578
0.00134578
0.00134578
0.00134578
0.00134578
0.00134578
0.00134578
0.00134578
0.00134578
0.00134578
0.00134578
0.00134578
0.00134578
0.00134578
0.00134578
0.00134578
0.00134578
0.00134578
0.00134578
0.00134578
0.00134578
0.00134578
0.00134578
0.00134578
0.00134578
0.00134578
0.00134578
0.00134578
0.00134578
0.00134578
0.00134578
0.00134578
0.00134578
0.00134578
0.00134578
0.00134578
0.00134578
0.00134578
0.00134578
0.00134578
0.00134578
0.00134578
0.00134578
0.00134578
0.00134578
0.00134578
0.00134578
0.00134578
0.00134578
0.00134578
0.00134578
0.00134578
0.00134578
0.00134578
0.00134578
0.00134578
0.00134578
0.00134578
0.00134578
0.00134578
0.00134578
0.00134578
0.00134578
0.00134578
0.00134578
0.00134578
0.00134578
0.00134578
0.00134578
0.00134578
0.00134577
0.00134577
0.00134577
0.00134577
0.00134577
0.00134577
0.00134577
0.00134578
0.00134578
0.00134578
0.00134578
0.00134578
0.00134578
0.00134578
0.00134578
0.00134577
0.00134578
0.00134578
0.00134578
0.00134578
0.00134578
0.00134578
0.00134578
0.00116152
0.00129626
0.00134565
0.00134578
0.00134578
0.00134578
0.00134488
0.00124429
0.00134561
0.00134577
0.00134577
0.00134577
0.00134578
0.00134578
0.00134578
0.00134578
0.00134578
0.00134578
0.00134578
0.00134578
0.00134577
0.00134465
0.00134577
0.00134578
0.00134578
0.00134578
0.00134578
0.00134578
0.00134575
0.00134577
0.00134578
0.00134578
0.00134578
0.00134578
0.00134578
0.00134578
0.00134578
0.00134521
0.00134577
0.00134578
0.00134578
0.00134575
0.00134578
0.00134578
0.00134578
0.00134578
0.00134578
0.00134578
0.00134578
0.00134578
0.00134578
0.00134578
0.00134578
0.00134578
0.00134577
0.00134578
0.00134578
0.00134578
0.00134578
0.00134578
0.00134578
0.00134578
0.00134578
0.00134578
0.00134578
0.00134578
0.00134578
0.00134578
0.00134578
0.00134578
0.00134578
0.00134578
0.00134578
0.00134578
0.00134578
0.00134578
0.00134578
0.00134578
0.00134577
0.00134578
0.00121236
0.00129809
0.00127969
0.00132568
0.00134573
0.00134577
0.00134578
0.00134578
0.00131315
0.00133615
0.00134512
0.00134564
0.00134577
0.00134578
0.00134578
0.00134578
0.00134568
0.00134576
0.00134578
0.00134578
0.00134578
0.00134578
0.00134578
0.00134578
0.00134578
0.00134578
0.00134578
0.00134578
0.00134578
0.00134578
0.00134578
0.00134578
0.00134578
0.00134578
0.00134578
0.00134578
0.00134578
0.00134578
0.00134578
0.00134578
0.00134578
0.00134578
0.00134568
0.00134576
0.00134578
0.00134578
0.00134578
0.00134578
0.00134512
0.00134564
0.00131315
0.00133615
0.00134578
0.00134577
0.00134578
0.00134577
0.00127969
0.00132568
0.00121236
0.00129809
0.00134577
0.00134573
0.00134537
0.00134571
0.00134576
0.00134577
0.00134574
0.00134577
0.00134577
0.00110829
0.00134577
0.00134577
0.00134578
0.00134578
0.00134578
0.00134577
0.00134578
0.00134578
0.00134285
0.00134494
0.00134578
0.00134578
0.00134578
0.00134578
0.00134578
0.00134578
0.00134578
0.00134578
0.00134578
0.00134578
0.00134578
0.00134578
0.00134578
0.00134578
0.00134578
0.00134578
0.00134578
0.00134578
0.00134578
0.00134578
0.00134578
0.00134578
0.00134578
0.00134578
0.00134578
0.00134578
0.00134578
0.00134578
0.00134578
0.00134578
0.00134578
0.00134578
0.00134578
0.00134578
0.00134578
0.00134577
0.00134577
0.00134578
0.00134578
0.00134578
0.00123036
0.00134576
0.00134577
0.00134537
0.00134571
0.00134577
0.00134577
0.00134574
0.00114551
0.00134572
0.00134573
0.00134577
0.00134577
0.00134571
0.00134578
0.00134578
0.00134578
0.00134578
0.00134578
0.00134578
0.00134578
0.00134578
0.00134578
0.00134578
0.00134578
0.00134578
0.00134578
0.00134578
0.00134578
0.00134578
0.00134578
0.00134578
0.00134578
0.00134578
0.00134578
0.00134578
0.00134578
0.00134578
0.00134578
0.00134578
0.00134578
0.00134577
0.00134572
0.00134577
0.00134577
0.00134572
0.00134573
0.00134528
0.00134572
0.00134577
0.00134578
0.00134578
0.00134578
0.00134578
0.00134578
0.00134578
0.00134578
0.00134578
0.00134578
0.00134578
0.00134578
0.00134578
0.00134577
0.00134572
0.00134499
0.00134328
0.00134578
0.00134578
0.00134578
0.00134578
0.00134578
0.00134578
0.00134578
0.00134578
0.00134578
0.00134578
0.00134578
0.00134578
0.00134577
0.00134575
0.00134573
0.00134328
0.00134576
0.00134518
0.00134575
0.00134578
0.00134577
0.00134578
0.00134578
0.00134578
0.00134578
0.00134578
0.00134578
0.00134578
0.00134578
0.00134578
0.00134578
0.00134578
0.00134578
0.00134578
0.00134578
0.00134578
0.00134578
0.00134577
0.00134575
0.00134518
0.00134577
0.00134562
0.00134577
0.00134575
0.00134578
0.00134577
0.00134578
0.00134578
0.00134578
0.00134578
0.00134578
0.00134578
0.00134578
0.00134578
0.00134578
0.00134578
0.00134578
0.00134578
0.00134578
0.00134578
0.00134578
0.00134578
0.00134578
0.00134578
0.00134578
0.00134578
0.00134577
0.00134577
0.00134574
0.00134577
0.00134562
0.00134465
0.00134577
0.00134578
0.00134578
0.00134578
0.00134578
0.00134578
0.00134577
0.00134491
0.00134574
0.00134578
0.00134578
0.00134578
0.00134578
0.00134578
0.00134578
0.00134578
0.00134578
0.00134578
0.00134577
0.00134578
0.00134578
0.00134578
0.00134578
0.00134578
0.00134578
0.00134578
0.00134578
0.00134578
0.00134578
0.00134578
0.00134578
0.00134578
0.00134578
0.00134578
0.00134578
0.00134578
0.00134578
0.00134578
0.00134578
0.00134578
0.00134578
0.00134578
0.00134578
0.00134578
0.00134578
0.00134578
0.00134578
0.00134578
0.00134578
0.00134578
0.00134578
0.00134578
0.00134578
0.00134578
0.00134578
0.00134578
0.00134578
0.00134578
0.00134578
0.00134578
0.00134578
0.00134578
0.00134578
0.00134578
0.00134578
0.00134578
0.00134578
0.00134577
0.00134578
0.00134577
0.00134578
0.00134577
0.00134577
0.00134578
0.00134578
0.00134578
0.00134578
0.0013457
0.00134574
0.00134491
0.00134577
0.00134578
0.00134578
0.00134578
0.00134578
0.00134578
0.00134578
0.00134238
0.00134575
0.00134572
0.0013457
0.00134578
0.00134578
0.00134578
0.00134578
0.00134578
0.00134578
0.00134578
0.00134578
0.00134576
0.00134578
0.00134578
0.00134578
0.00134578
0.00134578
0.00134578
0.00134578
0.00134578
0.00134578
0.00134578
0.00134578
0.00134578
0.00134578
0.00134578
0.00134578
0.00134578
0.00134578
0.00134578
0.00134578
0.00134578
0.00134578
0.00134578
0.00134578
0.00134578
0.00134578
0.00134578
0.00134578
0.00134578
0.00134578
0.00134578
0.00134578
0.00134578
0.00134578
0.00134578
0.00134578
0.00134578
0.00134578
0.00134578
0.00134578
0.00134578
0.00134578
0.00134578
0.00134578
0.00134578
0.00134578
0.00134578
0.00134578
0.00134578
0.00134578
0.00134578
0.00134578
0.00134578
0.00134578
0.00134578
0.00134577
0.00134576
0.00134576
0.00134578
0.00134577
0.00134578
0.00134578
0.00134578
0.00134578
0.0013457
0.00134363
0.00134238
0.00134577
0.00134578
0.00134577
0.00134578
0.00134577
0.00134578
0.00134578
0.00134578
0.00134578
0.00134578
0.00134578
0.00134578
0.00134578
0.00134578
0.00134578
0.00134578
0.00134578
0.00134578
0.00134578
0.00134578
0.00134578
0.00134578
0.00134578
0.00134578
0.00134578
0.00134578
0.00134578
0.00134578
0.00134578
0.00134578
0.00134578
0.00134578
0.00134578
0.00134578
0.00134578
0.00134578
0.00134578
0.00134578
0.00134578
0.00134578
0.00134578
0.00134578
0.00134578
0.00134578
0.00134578
0.00134578
0.00134578
0.00134578
0.00134578
0.00134578
0.00134578
0.00134578
0.00134578
0.00134578
0.00134578
0.00134578
0.00134578
0.00134578
0.00134578
0.00134578
0.00134578
0.00134578
0.00134578
0.00134578
0.00134578
0.00134578
0.00134578
0.00134578
0.00134578
0.00134578
0.00134578
0.00134578
0.00134578
0.00134578
0.00134578
0.00134578
0.00134578
0.00134577
0.00134577
0.00134578
0.00134578
0.00134577
0.00134577
0.00134578
0.00134578
0.00134578
0.00134576
0.00134578
0.00134578
0.00134578
0.00134578
0.00134578
0.00134578
0.00134578
0.00134578
0.00134578
0.00134578
0.00134578
0.00134578
0.00134578
0.00134578
0.00134578
0.00134578
0.00134578
0.00134578
0.00134578
0.00134578
0.00134578
0.00134578
0.00134578
0.00134578
0.00134578
0.00134578
0.00134578
0.00134578
0.00134578
0.00134578
0.00134578
0.00134578
0.00134578
0.00134578
0.00134578
0.00134578
0.00134578
0.00134578
0.00134578
0.00134578
0.00134578
0.00134578
0.00134578
0.00134578
0.00134578
0.00134578
0.00134578
0.00134578
0.00134578
0.00134578
0.00134578
0.00134578
0.00134578
0.00134578
0.00134578
0.00134578
0.00134578
0.00134578
0.00134578
0.00134578
0.00134578
0.00134578
0.00134578
0.00134578
0.00134578
0.00134578
0.00134578
0.00134578
0.00134578
0.00134578
0.00134578
0.00134578
0.00134578
0.00134578
0.00134578
0.00134578
0.00134578
0.00134578
0.00134578
0.00134578
0.00134576
0.00134577
0.00134578
0.00134578
0.00134578
0.00134578
0.00134578
0.00134578
0.00134578
0.00134578
0.00134577
0.00134559
0.00133148
0.00133611
0.00134577
0.00134577
0.00134577
0.00134345
0.00134578
0.00134577
0.00134493
0.00134578
0.00134578
0.00134578
0.00134578
0.00134578
0.00134578
0.00134578
0.00134578
0.00134578
0.00134578
0.00134578
0.00134578
0.00134578
0.00134578
0.00134578
0.00134578
0.00134578
0.00134578
0.00134578
0.00134578
0.00134578
0.00134578
0.00134578
0.00134578
0.00134578
0.00134578
0.00134578
0.00134578
0.00134578
0.00134578
0.00134578
0.00134578
0.00134578
0.00134578
0.00134578
0.00134578
0.00134578
0.00134575
0.00134578
0.00134578
0.00134578
0.00134578
0.00134577
0.00134568
0.0013431
0.00134578
0.00134578
0.00134577
0.0013452
0.00134576
0.00134574
0.000358321
0.000898974
0.00134578
0.00107863
0.00119802
0.00130232
0.0012311
0.00134578
0.00134578
0.00134551
0.00134575
0.00134543
0.00134578
0.00134578
0.00134578
0.00134578
0.00134578
0.00134578
0.00134578
0.00134578
0.00134577
0.00134578
0.00134578
0.00134578
0.00134578
0.00134389
0.00134355
0.00134577
0.00134576
0.000374596
0.00109953
0.00134576
0.00134576
0.00128572
0.00117812
0.00129485
0.00134575
0.00134578
0.00134578
0.00133176
0.00132816
0.00134102
0.00134577
0.00134578
0.00134575
0.00134576
0.00134577
0.00134578
0.00134578
0.00134578
0.00134578
0.00134578
0.00134578
0.00134578
0.00134578
0.00134578
0.00134578
0.00134578
0.00134578
0.00134578
0.00134578
0.00134578
0.00134577
0.00134578
0.00134578
0.00134578
0.00134578
0.00134558
0.00134115
0.00134463
0.00134578
0.00134577
0.00131666
0.00119962
0.00130303
0.00134576
0.00134577
0.00134576
0.00134578
0.00134578
0.00134578
0.00134578
0.00134578
0.00134578
0.00134578
0.00134577
0.00134566
0.00134575
0.00134537
0.00134578
0.00134578
0.00134577
0.00134577
0.00134578
0.00134578
0.00134578
0.00134578
0.00134578
0.00134578
0.00134578
0.00134578
0.00134578
0.00134578
0.00134578
0.00134578
0.00134578
0.00134578
0.00134578
0.00134578
0.00134578
0.00134578
0.00134578
0.00134578
0.00134578
0.00134573
0.00134577
0.00134562
0.00134576
0.00134577
0.00134566
0.00134573
0.00134543
0.00134459
0.00134578
0.00134577
0.00134577
0.00134578
0.00134578
0.00134578
0.00134578
0.00134578
0.00134578
0.00134578
0.00134578
0.00134578
0.00134578
0.00134578
0.00134578
0.00134578
0.00134578
0.00134578
0.00134578
0.00134578
0.00134578
0.00134578
0.00134578
0.00134578
0.00134578
0.00134578
0.00134578
0.00134578
0.00134578
0.00134577
0.00134576
0.00134566
0.00134574
0.0013457
0.00134577
0.00134577
0.00134578
0.00134578
0.00134578
0.00134578
0.00134578
0.00134578
0.00134578
0.00134578
0.00134578
0.00134578
0.00134578
0.00134578
0.00134578
0.00134578
0.00134578
0.00134578
0.00134578
0.00134578
0.00134578
0.00134578
0.00134578
0.00134578
0.00134578
0.00134578
0.00134578
0.00134578
0.00134578
0.00134578
0.00134578
0.00134578
0.00134578
0.00134578
0.00134578
0.00134578
0.00134578
0.00134578
0.00134578
0.00134578
0.00134578
0.00134578
0.00134578
0.00134578
0.00134578
0.00134578
0.00134578
0.00134578
0.00134578
0.00134578
0.00134578
0.00134578
0.00134578
0.00134578
0.00134578
0.00134578
0.00134578
0.00134578
0.00134578
0.00134578
0.00134578
0.00134578
0.00134578
0.00134578
0.00134578
0.00134578
0.00134578
0.00134578
0.00134578
0.00134578
0.00134578
0.00134577
0.00134578
0.00134578
0.00134578
0.00134578
0.00134578
0.00134578
0.00134578
0.00134578
0.00134578
0.00134578
0.00134578
0.00134569
0.0013457
0.00134574
0.00134555
0.00134476
0.00134552
0.00134578
0.00134578
0.00134578
0.00134578
0.00134577
0.00134577
0.00134578
0.00134577
0.00134577
0.00134578
0.00134578
0.00134578
0.00134578
0.00134578
0.00134578
0.00134578
0.00134578
0.00134578
0.00134578
0.00134578
0.00134578
0.00134578
0.00134578
0.00134578
0.00134578
0.00134578
0.00134578
0.00134578
0.00134578
0.00134578
0.00134578
0.00134578
0.00134578
0.00134578
0.00134578
0.00134578
0.00134578
0.00134578
0.00134578
0.00134578
0.00134578
0.00134578
0.00134578
0.00134578
0.00134575
0.00134577
0.00134577
0.00134576
0.00134573
0.00134568
0.00134577
0.00134577
0.00134577
0.00134577
0.00134578
0.00134578
0.00134578
0.00134578
0.00134578
0.00134578
0.00134578
0.00134578
0.00134578
0.00134578
0.00134578
0.00134578
0.00134578
0.00134578
0.00134578
0.00134578
0.00134578
0.00134578
0.00134578
0.00134578
0.00134578
0.00134578
0.00134578
0.00134578
0.00134578
0.00134578
0.00134578
0.00134578
0.00134578
0.00134578
0.00134578
0.00134578
0.00134578
0.00134578
0.00134578
0.00134578
0.00134578
0.00134578
0.00134578
0.00134578
0.00134578
0.00134578
0.00134578
0.00134578
0.00134578
0.00134578
0.00134578
0.00134578
0.00134578
0.00134578
0.00134578
0.00134578
0.00134578
0.00134578
0.00134578
0.00134578
0.00134578
0.00134578
0.00134578
0.00134578
0.00134578
0.00134578
0.00134578
0.00134578
0.00134578
0.00134578
0.00134578
0.00134578
0.00134578
0.00134578
0.00134578
0.00134578
0.00134578
0.00134578
0.00134578
0.00134578
0.00134578
0.00134578
0.00134577
0.00134578
0.00134578
0.00134578
0.00134577
0.00134578
0.00134578
0.00134578
0.00134578
0.00134578
0.00134578
0.00134578
0.00134576
0.00134577
0.00134577
0.00134577
0.00134576
0.00134577
0.00134575
0.00134577
0.00134577
0.00134577
0.00134577
0.00134578
0.00134578
0.00134578
0.00134578
0.00134578
0.00134578
0.00134578
0.00134578
0.00134578
0.00134578
0.00134578
0.00134578
0.00134578
0.00134578
0.00134578
0.00134578
0.00134578
0.00134578
0.00134578
0.00134578
0.00134578
0.00134578
0.00134578
0.00134578
0.00134578
0.00134578
0.00134578
0.00134578
0.00134578
0.00134578
0.00134578
0.00134578
0.00134578
0.00134578
0.00134578
0.00134578
0.00134578
0.00134578
0.00134578
0.00134578
0.00134578
0.00134578
0.00134578
0.00134578
0.00134578
0.00134578
0.00134578
0.00134578
0.00134578
0.00134578
0.00134578
0.00134578
0.00134578
0.00134578
0.00134578
0.00134578
0.00134578
0.00134578
0.00134578
0.00134578
0.00134578
0.00134578
0.00134578
0.00134578
0.00134578
0.00134578
0.00134578
0.00134578
0.00134578
0.00134578
0.00134578
0.00134578
0.00134578
0.00134578
0.00134578
0.00134578
0.00134578
0.00134578
0.00134578
0.00134578
0.00134578
0.00134578
0.00134578
0.00134578
0.00134578
0.00134578
0.00134578
0.00134578
0.00134578
0.00134578
0.00134578
0.00134578
0.00134578
0.00134578
0.00134578
0.00134578
0.00134578
0.00134578
0.00134578
0.00134578
0.00134578
0.00134578
0.00134578
0.00134578
0.00134578
0.00134578
0.00134578
0.00134578
0.00134578
0.00134578
0.00134578
0.00134578
0.00134578
0.00134578
0.00134578
0.00134578
0.00134578
0.00134578
0.00134578
0.00134578
0.00134578
0.00134578
0.00134578
0.00134578
0.00134578
0.00134578
0.00134578
0.00134578
0.00134578
0.00134578
0.00134578
0.00134578
0.00134578
0.00134578
0.00134578
0.00134578
0.00134578
0.00134578
0.00134578
0.00134578
0.00134578
0.00134578
0.00134578
0.00134578
0.00134578
0.00134578
0.00134578
0.00134578
0.00134578
0.00134578
0.00134578
0.00134578
0.00134578
0.00134578
0.00134578
0.00134578
0.00134578
0.00134578
0.00134578
0.00134578
0.00134577
0.00134577
0.00134578
0.00134577
0.00134577
0.00134578
0.00134578
0.00134578
0.00134577
0.00134578
0.00134578
0.00134578
0.00134578
0.00134578
0.00134578
0.00134578
0.00134578
0.00134578
0.00134578
0.00134578
0.00134578
0.00134577
0.00134576
0.00134577
0.00134577
0.00134578
0.00134578
0.00134577
0.00134577
0.00134577
0.00134577
0.00134577
0.00134577
0.00134577
0.00133574
0.00133206
0.00130786
0.00123011
0.00131555
0.00124913
0.0013408
0.00116035
0.00129455
0.00134576
0.00134568
0.00134577
0.00134577
0.00134577
0.00134577
0.00133281
0.00133906
0.00134148
0.00134578
0.00134578
0.00134578
0.00134578
0.00134578
0.00134578
0.00134578
0.00134578
0.00134578
0.00134578
0.00134578
0.00134578
0.00134505
0.00134348
0.00134249
0.00133386
0.00134562
0.00134575
0.00134498
0.00134252
0.00134563
0.00134578
0.00134578
0.00134578
0.00134578
0.00134578
0.00134577
0.00134513
0.00134377
0.00134563
0.00134576
0.00134578
0.00134578
0.00134578
0.00134578
0.00134578
0.00134578
0.00134578
0.00134578
0.00134578
0.00134578
0.00134578
0.00134578
0.00134578
0.00134577
0.00134577
0.00134577
0.00134578
0.00134578
0.00134578
0.00134577
0.00134576
0.00134578
0.00134578
0.00134578
0.00134578
0.00134578
0.00134578
0.00134577
0.00134578
0.00134578
0.00134578
0.00134578
0.00134578
0.00134578
0.00134578
0.00134578
0.00134578
0.00134578
0.00134578
0.00134578
0.00134578
0.00134578
0.00134578
0.00134578
0.00134578
0.00134578
0.00134578
0.00134578
0.00134578
0.00134578
0.00134578
0.00134578
0.00134578
0.00134578
0.00134578
0.00134578
0.00134578
0.00134578
0.00134578
0.00134578
0.00134578
0.00134578
0.00134578
0.00134578
0.00134578
0.00134578
0.00134578
0.00134578
0.00134578
0.00134578
0.00134578
0.00134578
0.00134578
0.00134578
0.00134578
0.00134578
0.00134578
0.00134578
0.00134578
0.00134578
0.00134578
0.00134578
0.00134578
0.00134578
0.00134578
0.00134578
0.00134578
0.00134578
0.00134578
0.00134578
0.00134578
0.00134578
0.00134578
0.00134578
0.00134578
0.00134578
0.00134578
0.00134578
0.00134578
0.00134578
0.00134578
0.00134578
0.00134578
0.00134577
0.00134578
0.00134577
0.00134577
0.00134577
0.00134578
0.00134576
0.00134578
0.00134578
0.00134578
0.00134578
0.00134578
0.00134578
0.00134578
0.00134578
0.00134577
0.00134578
0.00134578
0.00134578
0.00134578
0.00134578
0.00134578
0.00134578
0.00134578
0.00134578
0.00134578
0.00134578
0.00134574
0.00134577
0.00134562
0.00134575
0.00134498
0.00134252
0.00134348
0.00134249
0.00133386
0.00132705
0.00134578
0.00134577
0.00134578
0.00134578
0.00134578
0.00134578
0.00134563
0.00134576
0.00134513
0.00134377
0.00134578
0.00134577
0.00134578
0.00134577
0.00134577
0.00134577
0.00134576
0.00134577
0.00134577
0.00134577
0.00134577
0.00134577
0.00134577
0.0013408
0.00131555
0.00124913
0.00133574
0.00133206
0.00130786
0.00123011
0.00116035
0.00134577
0.00134559
0.00134576
0.00134577
0.00134577
0.00134345
0.00133906
0.00134148
0.00133668
0.00133281
0.00134538
0.00134565
0.0013456
0.00134574
0.00134574
0.00134577
0.00134576
0.00134577
0.00134574
0.00134576
0.00134569
0.00134573
0.00134577
0.00134577
0.00134577
0.00134577
0.00134576
0.00100635
0.000691247
0.00109953
0.000379303
0.00027997
0.000712448
0.000622879
0.00134577
0.00134578
0.00134577
0.00134578
0.00134578
0.00134578
0.00134578
0.00134578
0.00134578
0.00134578
0.00134577
0.00134578
0.00134578
0.00134578
0.00134578
0.00134578
0.00133957
0.00134143
0.00134355
0.00109706
0.00105589
0.00134101
0.00134009
0.00134578
0.00134578
0.00134578
0.00134578
0.00134578
0.00134578
0.00134578
0.00134578
0.00134578
0.00134578
0.00134578
0.00134578
0.00134578
0.00134578
0.00134578
0.00134578
0.00134578
0.00134498
0.00134483
0.00134577
0.00134577
0.00134578
0.00134578
0.00134578
0.00134578
0.00134578
0.00134578
0.00134578
0.00134578
0.00134578
0.00134578
0.00134578
0.00134578
0.00134578
0.00134578
0.00134578
0.00134578
0.00134578
0.00134578
0.00134578
0.00134578
0.00134578
0.00134578
0.00134578
0.00134578
0.00134578
0.00134578
0.00134578
0.00134578
0.00134578
0.00134578
0.00134578
0.00134578
0.00134578
0.00134578
0.00134578
0.00134578
0.00134578
0.00134578
0.00134578
0.00134578
0.00134578
0.00134578
0.00134578
0.00134578
0.00134578
0.00134578
0.00134578
0.00134578
0.00134578
0.00134578
0.00134578
0.00134578
0.00134578
0.00134578
0.00134578
0.00134578
0.00134578
0.00134578
0.00134578
0.00134578
0.00134578
0.00134465
0.00134576
0.00134543
0.00134577
0.00134577
0.00134498
0.00134483
0.00134578
0.00134578
0.00134578
0.00134578
0.00134578
0.00134577
0.00134578
0.00134577
0.00134578
0.00134578
0.00134578
0.00134578
0.00134578
0.00134578
0.00134577
0.00134578
0.00130242
0.00107863
0.00132919
0.0012311
0.00134101
0.00134009
0.00109706
0.00105589
0.00134577
0.00134574
0.00134577
0.00134576
0.00134565
0.00134538
0.00134574
0.0013456
0.00134577
0.00134577
0.00134577
0.00134576
0.00134576
0.00134574
0.00134569
0.00134576
0.00134574
0.000358321
0.00117349
0.000898974
0.000712448
0.000622879
0.000379303
0.00027997
0.00134576
0.00134576
0.00134577
0.00134577
0.00134574
0.00134577
0.00134577
0.00134576
0.00134556
0.00134577
0.00134576
0.00134576
0.00134577
0.00134577
0.00134556
0.00134503
0.00134576
0.00134578
0.00134578
0.00134578
0.00134578
0.00134578
0.00134577
0.00134578
0.00134578
0.00134578
0.00134577
0.00134578
0.00134578
0.00134578
0.00134578
0.00134578
0.00134578
0.00134578
0.00134578
0.00134578
0.00134578
0.00134578
0.00134578
0.00134578
0.00134578
0.00134578
0.00134578
0.00134578
0.00134578
0.00134578
0.00134578
0.00134578
0.00134578
0.00134578
0.00134578
0.00134578
0.00134578
0.00134578
0.00134578
0.00134578
0.00134578
0.00134578
0.00134578
0.00134578
0.00134578
0.00134578
0.00134578
0.00134578
0.00134578
0.00134578
0.00134578
0.00134578
0.00134578
0.00134578
0.00134578
0.00134578
0.00134578
0.00134578
0.00134578
0.00134578
0.00134578
0.00134578
0.00134578
0.00134578
0.00134578
0.00134578
0.00134578
0.00134578
0.00134578
0.00134578
0.00134578
0.00134578
0.00134578
0.00134578
0.00134578
0.00134576
0.00134578
0.00134578
0.00134577
0.00134578
0.00134578
0.00134578
0.00134577
0.00134577
0.00134577
0.00134577
0.00134576
0.00134576
0.00134576
0.00134576
0.00134574
0.00134577
0.00134575
0.00134577
0.0013457
0.00134576
0.00134556
0.00134503
0.00134575
0.00134556
0.00134577
0.00134577
0.00134567
0.00134574
0.00134571
0.00134575
0.00134578
0.00134578
0.00134578
0.00134578
0.00134578
0.00134578
0.00134578
0.00134578
0.00134578
0.00134578
0.00134578
0.00134578
0.00134578
0.00134578
0.00134578
0.00134578
0.00134578
0.00134578
0.00134578
0.00134578
0.00134578
0.00134578
0.00134578
0.00134578
0.00134578
0.00134578
0.00134578
0.00134578
0.00134578
0.00134578
0.00134578
0.00134578
0.00134578
0.00134578
0.00134578
0.00134578
0.00134578
0.00134578
0.00134578
0.00134578
0.00134578
0.00134578
0.00134578
0.00134577
0.00134577
0.00134575
0.00134574
0.00134567
0.00134575
0.00134571
0.0013447
0.00134537
0.00134538
0.00134577
0.00134577
0.00134577
0.00134573
0.00134575
0.00134576
0.00134577
0.00134577
0.00134577
0.00134577
0.00134577
0.00134577
0.00134578
0.00134578
0.00134578
0.00134578
0.00134577
0.00134578
0.00134578
0.00134578
0.00134578
0.00134578
0.00134578
0.00134578
0.00134578
0.00134578
0.00134578
0.00134578
0.00134578
0.00134578
0.00134578
0.00134578
0.00134578
0.00134578
0.00134578
0.00134578
0.00134578
0.00134578
0.00134578
0.00134578
0.00134578
0.00134578
0.00134578
0.00134578
0.00134578
0.00134578
0.00134578
0.00134578
0.00134578
0.00134578
0.00134578
0.00134578
0.00134578
0.00134578
0.00134578
0.00134578
0.00134578
0.00134578
0.00134578
0.00134578
0.00134578
0.00134578
0.00134578
0.00134578
0.00134578
0.00134578
0.00134578
0.00134578
0.00134578
0.00134578
0.00134578
0.00134578
0.00134578
0.00134578
0.00134578
0.00134578
0.00134578
0.00134578
0.00134578
0.00134578
0.00134578
0.00134578
0.00134577
0.00134578
0.00134578
0.00134578
0.00134578
0.00134578
0.00134578
0.00134578
0.00134577
0.00134577
0.00134578
0.00134578
0.00134578
0.00134538
0.0013447
0.00134537
0.00134577
0.00134576
0.00134577
0.00134577
0.00134577
0.00134577
0.00134577
0.00134573
0.00134561
0.00134575
0.00134576
0.00134573
0.00134577
0.00134577
0.00134575
0.00134576
0.00134529
0.00134553
0.00134576
0.00134569
0.00134578
0.00134578
0.00134578
0.00134578
0.00134578
0.00134578
0.00134577
0.00134577
0.00134578
0.00134578
0.00134578
0.00134578
0.00134578
0.00134578
0.00134578
0.00134578
0.00134578
0.00134578
0.00134578
0.00134578
0.00134578
0.00134578
0.00134578
0.00134578
0.00134578
0.00134578
0.00134578
0.00134578
0.00134578
0.00134578
0.00134578
0.00134578
0.00134578
0.00134578
0.00134578
0.00134578
0.00134578
0.00134578
0.00134578
0.00134578
0.00134578
0.00134578
0.00134578
0.00134578
0.00134578
0.00134578
0.00134578
0.00134578
0.00134578
0.00134578
0.00134578
0.00134578
0.00134578
0.00134578
0.00134578
0.00134578
0.00134578
0.00134578
0.00134577
0.00134578
0.00134578
0.00134577
0.00134577
0.00134566
0.00134577
0.00134577
0.00134577
0.00134571
0.00134537
0.00134576
0.00134569
0.00134529
0.00134553
0.00134576
0.00134574
0.00134576
0.00134578
0.00134577
0.00134577
0.00134577
0.00134577
0.00134576
0.0013457
0.0013457
0.00134575
0.00134575
0.00134577
0.00134523
0.0013457
0.00134558
0.00134576
0.00134575
0.0013457
0.00134566
0.00134574
0.00134578
0.00134578
0.00134578
0.00134578
0.00134578
0.00134578
0.00134578
0.00134578
0.00134578
0.00134578
0.00134578
0.00134578
0.00134578
0.00134578
0.00134578
0.00134578
0.00134578
0.00134577
0.00134578
0.00134577
0.00134578
0.00134578
0.00134578
0.00134578
0.00134578
0.00134578
0.00134578
0.00134578
0.00134578
0.00134578
0.00134578
0.00134578
0.00134578
0.00134578
0.00134578
0.00134578
0.00134578
0.00134578
0.00134578
0.00134578
0.00134578
0.00134578
0.00134578
0.00134578
0.00134578
0.00134578
0.00134578
0.00134578
0.00134578
0.00134578
0.00134578
0.00134578
0.00134578
0.00134578
0.00134578
0.00134578
0.00134578
0.00134578
0.00134578
0.00134578
0.00134578
0.00134578
0.00134578
0.00134578
0.00134578
0.00134578
0.00134578
0.00134578
0.00134578
0.00134578
0.00134578
0.00134578
0.00134578
0.00134578
0.00134578
0.00134578
0.00134578
0.00134578
0.00134578
0.00134578
0.00134578
0.00134578
0.00134578
0.00134578
0.00134578
0.00134578
0.00134578
0.00134578
0.00134578
0.00134578
0.00134578
0.00134578
0.00134578
0.00134578
0.00134578
0.00134578
0.00134578
0.00134578
0.00134578
0.00134578
0.00134578
0.00134578
0.00134578
0.00134578
0.00134578
0.00134578
0.00134578
0.00134578
0.00134578
0.00134578
0.00134578
0.00134578
0.00134578
0.00134578
0.00134578
0.00134578
0.00134578
0.00134578
0.00134578
0.00134578
0.00134578
0.00134578
0.00134578
0.00134578
0.00134578
0.00134578
0.00134578
0.00134578
0.00134578
0.00134578
0.00134578
0.00134578
0.00134577
0.00134577
0.00134577
0.00134577
0.00134577
0.00134577
0.00134577
0.00134577
0.00134576
0.00134574
0.00134576
0.00134575
0.00134575
0.00134573
0.0013457
0.0013457
0.00134576
0.00134576
0.00134576
0.00134575
0.00134523
0.0013457
0.00134543
0.00134459
0.00134558
0.00134577
0.00134577
0.00134577
0.00134578
0.00134577
0.00134578
0.00134578
0.00134577
0.00134578
0.00134578
0.00134578
0.00134578
0.00134578
0.00134578
0.00134578
0.00134578
0.00134578
0.00134578
0.00134578
0.00134578
0.00134578
0.00134578
0.00134578
0.00134578
0.00134578
0.00134578
0.00134578
0.00134578
0.00134578
0.00134578
0.00134578
0.00134578
0.00134578
0.00134578
0.00134578
0.00134578
0.00134578
0.00134576
0.00134577
0.00134576
0.00134546
0.00134541
0.00134562
0.00134576
0.00134565
0.00134572
0.00134578
0.00134578
0.00134578
0.00134578
0.00134578
0.00134578
0.00134578
0.00134578
0.00134578
0.00134578
0.00134578
0.00134578
0.00134578
0.00134578
0.00134578
0.00134578
0.00134578
0.00134578
0.00134578
0.00134578
0.00134578
0.00134578
0.00134578
0.00134578
0.00134578
0.00134578
0.00134578
0.00134578
0.00134578
0.00134578
0.00134578
0.00134578
0.00134578
0.00134578
0.00134578
0.00134578
0.00134578
0.00134578
0.00134578
0.00134578
0.00134578
0.00134578
0.00134577
0.00134577
0.00134578
0.00134578
0.00134578
0.00134578
0.00134578
0.00134578
0.00134578
0.00134578
0.00134578
0.00134578
0.00134578
0.00134578
0.00134578
0.00134578
0.00134578
0.00134578
0.00134578
0.00134578
0.00134578
0.00134578
0.00134578
0.00134578
0.00134578
0.00134578
0.00134578
0.00134578
0.00134578
0.00134578
0.00134578
0.00134578
0.00134578
0.00134578
0.00134578
0.00134578
0.00134578
0.00134578
0.00134578
0.00134578
0.00134578
0.00134578
0.00134578
0.00134578
0.00134578
0.00134578
0.00134578
0.00134578
0.00134578
0.00134578
0.00134578
0.00134578
0.00134578
0.00134578
0.00134578
0.00134578
0.00134578
0.00134578
0.00134578
0.00134578
0.00134578
0.00134578
0.00134578
0.00134578
0.00134578
0.00134578
0.00134578
0.00134578
0.00134578
0.00134578
0.00134578
0.00134578
0.00134578
0.00134578
0.00134578
0.00134578
0.00134578
0.00134578
0.00134578
0.00134578
0.00134578
0.00134578
0.00134578
0.00134578
0.00134578
0.00134578
0.00134578
0.00134578
0.00134578
0.00134578
0.00134578
0.00134578
0.00134578
0.00134578
0.00134578
0.00134578
0.00134578
0.00134578
0.00134578
0.00134578
0.00134578
0.00134578
0.00134578
0.00134578
0.00134578
0.00134578
0.00134578
0.00134578
0.00134578
0.00134578
0.00134578
0.00134578
0.00134578
0.00134578
0.00134578
0.00134578
0.00134578
0.00134578
0.00134578
0.00134578
0.00134578
0.00134578
0.00134578
0.00134578
0.00134578
0.00134578
0.00134578
0.00134578
0.00134578
0.00134578
0.00134578
0.00134578
0.00134578
0.00134578
0.00134578
0.00134578
0.00134578
0.00134578
0.00134578
0.00134578
0.00134578
0.00134578
0.00134578
0.00134578
0.00134578
0.00134578
0.00134578
0.00134578
0.00134578
0.00134578
0.00134578
0.00134578
0.00134578
0.00134578
0.00134578
0.00134578
0.00134578
0.00134578
0.00134578
0.00134578
0.00134578
0.00134578
0.00134578
0.00134578
0.00134578
0.00134578
0.00134578
0.00134578
0.00134578
0.00134578
0.00134578
0.00134578
0.00134578
0.00134578
0.00134578
0.00134578
0.00134578
0.00134578
0.00134578
0.00134578
0.00134578
0.00134578
0.00134578
0.00134578
0.00134578
0.00134578
0.00134578
0.00134578
0.00134578
0.00134578
0.00134578
0.00134578
0.00134578
0.00134578
0.00134578
0.00134578
0.00134578
0.00134578
0.00134578
0.00134578
0.00134578
0.00134578
0.00134578
0.00134578
0.00134578
0.00134578
0.00134578
0.00134578
0.00134578
0.00134578
0.00134578
0.00134578
0.00134578
0.00134578
0.00134578
0.00134578
0.00134578
0.00134578
0.00134578
0.00134578
0.00134578
0.00134578
0.00134578
0.00134578
0.00134578
0.00134578
0.00134578
0.00134578
0.00134578
0.00134578
0.00134577
0.00134578
0.00134578
0.00134578
0.00134578
0.00134577
0.00134577
0.00134578
0.00134578
0.00134577
0.00134577
0.00134577
0.00134578
0.00134578
0.00134578
0.00134577
0.00134577
0.00134577
0.00134578
0.00134578
0.00134578
0.00134578
0.00134578
0.00134578
0.00134578
0.00134578
0.00134578
0.00134578
0.00134578
0.00134578
0.00134578
0.00134578
0.00134578
0.00134578
0.00134578
0.00134578
0.00134578
0.00134578
0.00134578
0.00134578
0.00134578
0.00134578
0.00134578
0.00134578
0.00134578
0.00134574
0.00134566
0.00134572
0.00134576
0.00134565
0.00134572
0.00134546
0.00134541
0.00134562
0.00134578
0.00134578
0.00134578
0.00134578
0.00134578
0.00134578
0.00134578
0.00134578
0.00134578
0.00134578
0.00134578
0.00134578
0.00134578
0.00134578
0.00134578
0.00134578
0.00134578
0.00134578
0.00134578
0.00134578
0.00134578
0.00134578
0.00134578
0.00134578
0.00134575
0.00134577
0.00134576
0.00134577
0.00134578
0.00134577
0.00134577
0.00134562
0.00134519
0.00134558
0.00134526
0.00134575
0.00134577
0.00134576
0.00134577
0.00134572
0.00134576
0.00134571
0.00134568
0.00134576
0.0013432
0.00134488
0.0013451
0.00134573
0.00134548
0.00134555
0.00134571
0.00134578
0.00134578
0.00134578
0.00134578
0.00134578
0.00134578
0.00134578
0.00134578
0.00134578
0.00134578
0.00134578
0.00134578
0.00134578
0.00134578
0.00134578
0.00134578
0.00134578
0.00134578
0.00134578
0.00134578
0.00134578
0.00134578
0.00134578
0.00134578
0.00134578
0.00134578
0.00134578
0.00134578
0.00134578
0.00134578
0.00134578
0.00134578
0.00134578
0.00134577
0.00134577
0.00134577
0.00134578
0.00134578
0.00134578
0.00134578
0.00134578
0.00134578
0.00134578
0.00134578
0.00134576
0.00134577
0.00134577
0.00134578
0.00134578
0.00134578
0.00134578
0.00134578
0.00134578
0.00134578
0.00134578
0.00134578
0.00134578
0.00134578
0.00134578
0.00134578
0.00134578
0.00134578
0.00134578
0.00134578
0.00134578
0.00134578
0.00134578
0.00134578
0.00134578
0.00134578
0.00134578
0.00134578
0.00134578
0.00134578
0.00134578
0.00134578
0.00134578
0.00134578
0.00134578
0.00134578
0.00134578
0.00134578
0.00134578
0.00134578
0.00134578
0.00134578
0.00134578
0.00134578
0.00134578
0.00134578
0.00134578
0.00134578
0.00134578
0.00134578
0.00134578
0.00134578
0.00134578
0.00134578
0.00134578
0.00134578
0.00134578
0.00134578
0.00134578
0.00134578
0.00134578
0.00134578
0.00134578
0.00134578
0.00134578
0.00134578
0.00134578
0.00134578
0.00134578
0.00134578
0.00134578
0.00134578
0.00134578
0.00134578
0.00134578
0.00134578
0.00134578
0.00134578
0.00134578
0.00134578
0.00134578
0.00134578
0.00134578
0.00134578
0.00134578
0.00134578
0.00134578
0.00134578
0.00134578
0.00134578
0.00134578
0.00134578
0.00134578
0.00134578
0.00134578
0.00134578
0.00134578
0.00134578
0.00134578
0.00134578
0.00134578
0.00134578
0.00134578
0.00134578
0.00134578
0.00134578
0.00134578
0.00134578
0.00134578
0.00134578
0.00134578
0.00134578
0.00134578
0.00134578
0.00134578
0.00134578
0.00134578
0.00134578
0.00134578
0.00134578
0.00134578
0.00134578
0.00134578
0.00134578
0.00134578
0.00134578
0.00134578
0.00134578
0.00134578
0.00134578
0.00134578
0.00134578
0.00134578
0.00134578
0.00134578
0.00134578
0.00134578
0.00134578
0.00134578
0.00134578
0.00134578
0.00134578
0.00134578
0.00134578
0.00134578
0.00134578
0.00134578
0.00134578
0.00134578
0.00134578
0.00134578
0.00134578
0.00134578
0.00134578
0.00134578
0.00134578
0.00134578
0.00134578
0.00134578
0.00134578
0.00134578
0.00134578
0.00134578
0.00134578
0.00134578
0.00134578
0.00134578
0.00134578
0.00134578
0.00134578
0.00134578
0.00134578
0.00134578
0.00134578
0.00134578
0.00134578
0.00134578
0.00134578
0.00134578
0.00134578
0.00134578
0.00134578
0.00134578
0.00134578
0.00134578
0.00134578
0.00134578
0.00134578
0.00134578
0.00134578
0.00134578
0.00134578
0.00134578
0.00134578
0.00134578
0.00134578
0.00134578
0.00134578
0.00134578
0.00134578
0.00134578
0.00134578
0.00134578
0.00134578
0.00134578
0.00134578
0.00134578
0.00134578
0.00134578
0.00134578
0.00134578
0.00134578
0.00134578
0.00134578
0.00134578
0.00134578
0.00134578
0.00134578
0.00134578
0.00134578
0.00134578
0.00134578
0.00134578
0.00134578
0.00134578
0.00134578
0.00134578
0.00134578
0.00134578
0.00134578
0.00134578
0.00134578
0.00134578
0.00134578
0.00134578
0.00134578
0.00134578
0.00134578
0.00134578
0.00134578
0.00134578
0.00134578
0.00134578
0.00134578
0.00134578
0.00134578
0.00134578
0.00134578
0.00134578
0.00134578
0.00134578
0.00134578
0.00134578
0.00134578
0.00134578
0.00134578
0.00134578
0.00134578
0.00134578
0.00134577
0.00134578
0.00134577
0.00134578
0.00134577
0.00134577
0.00134577
0.00134578
0.00134578
0.00134578
0.00134577
0.00134577
0.00134577
0.00134577
0.00134576
0.00134578
0.00134578
0.00134578
0.00134578
0.00134578
0.00134578
0.00134578
0.00134578
0.00134578
0.00134578
0.00134578
0.00134578
0.00134578
0.00134578
0.00134578
0.00134578
0.00134578
0.00134577
0.00134578
0.00134578
0.00134578
0.00134578
0.00134578
0.00134578
0.00134578
0.00134578
0.00134578
0.00134578
0.00134577
0.00134575
0.00134578
0.00134577
0.00134577
0.00134576
0.00134577
0.00134572
0.00134576
0.00134576
0.00134571
0.00134569
0.0013457
0.00134574
0.00134555
0.00134562
0.00134519
0.00134521
0.00134558
0.00134526
0.00134571
0.00134548
0.00134555
0.00134552
0.00134476
0.00134488
0.0013451
0.0013432
0.00134577
0.00134577
0.00134578
0.00134578
0.00134577
0.00134577
0.00134578
0.00134577
0.00134578
0.00134578
0.00134577
0.00134577
0.00134577
0.00134577
0.00134577
0.00134578
0.00134577
0.00134577
0.00134578
0.00134578
0.00134578
0.00134578
0.00134578
0.00134578
0.00134578
0.00134577
0.00134578
0.00134578
0.00134578
0.00134578
0.00134578
0.00134578
0.00134578
0.00134578
0.00134578
0.00134578
0.00134578
0.00134578
0.00134578
0.00134578
0.00134578
0.00134578
0.00134578
0.00134578
0.00134578
0.00134578
0.00134578
0.00134578
0.00134578
0.00134578
0.00134578
0.00134578
0.00134578
0.00134578
0.00134578
0.00134578
0.00134578
0.00134578
0.00134578
0.00134578
0.00134578
0.00134578
0.00134578
0.00134578
0.00134578
0.00134578
0.00134578
0.00134578
0.00134578
0.00134578
0.00134578
0.00134578
0.00134578
0.00134578
0.00134578
0.00134578
0.00134578
0.00134578
0.00134578
0.00134578
0.00134578
0.00134578
0.00134578
0.00134578
0.00134578
0.00134578
0.00134578
0.00134578
0.00134578
0.00134578
0.00134578
0.00134578
0.00134578
0.00134578
0.00134578
0.00134578
0.00134578
0.00134578
0.00134578
0.00134578
0.00134578
0.00134578
0.00134578
0.00134578
0.00134578
0.00134578
0.00134578
0.00134578
0.00134578
0.00134578
0.00134578
0.00134578
0.00134578
0.00134578
0.00134578
0.00134578
0.00134578
0.00134578
0.00134578
0.00134578
0.00134578
0.00134578
0.00134578
0.00134578
0.00134578
0.00134578
0.00134578
0.00134578
0.00134578
0.00134578
0.00134578
0.00134578
0.00134578
0.00134578
0.00134578
0.00134578
0.00134578
0.00134578
0.00134578
0.00134578
0.00134578
0.00134578
0.00134578
0.00134578
0.00134578
0.00134578
0.00134578
0.00134578
0.00134578
0.00134578
0.00134578
0.00134578
0.00134578
0.00134578
0.00134578
0.00134578
0.00134578
0.00134578
0.00134578
0.00134578
0.00134578
0.00134578
0.00134578
0.00134578
0.00134578
0.00134578
0.00134578
0.00134578
0.00134578
0.00134578
0.00134578
0.00134578
0.00134578
0.00134578
0.00134578
0.00134578
0.00134578
0.00134578
0.00134578
0.00134578
0.00134578
0.00134578
0.00134578
0.00134578
0.00134578
0.00134578
0.00134578
0.00134578
0.00134578
0.00134578
0.00134578
0.00134578
0.00134578
0.00134578
0.00134578
0.00134578
0.00134578
0.00134578
0.00134578
0.00134578
0.00134578
0.00134578
0.00134578
0.00134578
0.00134578
0.00134578
0.00134578
0.00134578
0.00134578
0.00134578
0.00134578
0.00134578
0.00134578
0.00134578
0.00134578
0.00134578
0.00134578
0.00134578
0.00134578
0.00134578
0.00134578
0.00134578
0.00134578
0.00134578
0.00134578
0.00134578
0.00134578
0.00134578
0.00134578
0.00134578
0.00134578
0.00134578
0.00134578
0.00134578
0.00134578
0.00134578
0.00134578
0.00134578
0.00134578
0.00134578
0.00134578
0.00134578
0.00134578
0.00134578
0.00134578
0.00134578
0.00134578
0.00134578
0.00134578
0.00134578
0.00134578
0.00134578
0.00134578
0.00134578
0.00134578
0.00134578
0.00134578
0.00134578
0.00134578
0.00134578
0.00134578
0.00134578
0.00134578
0.00134578
0.00134578
0.00134578
0.00134578
0.00134578
0.00134578
0.00134578
0.00134578
0.00134578
0.00134578
0.00134578
0.00134578
0.00134578
0.00134578
0.00134578
0.00134578
0.00134578
0.00134578
0.00134578
0.00134578
0.00134578
0.00134578
0.00134578
0.00134578
0.00134578
0.00134578
0.00134578
0.00134578
0.00134578
0.00134578
0.00134578
0.00134578
0.00134578
0.00134578
0.00134578
0.00134578
0.00134578
0.00134578
0.00134578
0.00134578
0.00134578
0.00134578
0.00134578
0.00134578
0.00134578
0.00134578
0.00134578
0.00134578
0.00134578
0.00134578
0.00134578
0.00134578
0.00134578
0.00134578
0.00134578
0.00134578
0.00134578
0.00134578
0.00134578
0.00134578
0.00134578
0.00134578
0.00134578
0.00134578
0.00134578
0.00134578
0.00134578
0.00134578
0.00134578
0.00134578
0.00134578
0.00134578
0.00134578
0.00134578
0.00134578
0.00134578
0.00134578
0.00134578
0.00134578
0.00134578
0.00134578
0.00134578
0.00134578
0.00134578
0.00134578
0.00134578
0.00134578
0.00134578
0.00134578
0.00134578
0.00134578
0.00134578
0.00134578
0.00134578
0.00134578
0.00134578
0.00134578
0.00134578
0.00134578
0.00134578
0.00134578
0.00134578
0.00134578
0.00134578
0.00134578
0.00134578
0.00134578
0.00134577
0.00134577
0.00134578
0.00134577
0.00134577
0.00134577
0.00134577
0.00134577
0.00134577
0.00134578
0.00134578
0.00134577
0.00134577
0.00134577
0.00134577
0.00134577
0.00134577
0.00134578
0.00134578
0.00134578
0.00134578
0.00134578
0.00134578
0.00134578
0.00134577
0.00134578
0.00134578
0.00134578
0.00134577
0.00134577
0.00134577
0.00134578
0.00134577
0.00134578
0.00134578
0.00134578
0.00134578
0.00134578
0.00134578
0.00134578
0.00134578
0.00134578
0.00134578
0.00134578
0.00134578
0.00134578
0.00134578
0.00134578
0.00134578
0.00134578
0.00134578
0.00134576
0.00134577
0.00134578
0.00134577
0.00134578
0.00134577
0.00134577
0.00134577
0.00134577
0.00134578
0.00134578
0.00134578
0.00134577
0.00134577
0.00134576
0.00134577
0.00134575
0.00134577
0.00134578
0.00134577
0.00134577
0.00134577
0.00134578
0.00134577
0.00134577
0.00134578
0.00134578
0.00134578
0.00134578
0.00134578
0.00134578
0.00134577
0.00134578
0.00134578
0.00134578
0.00134578
0.00134578
0.00134578
0.00134578
0.00134578
0.00134578
0.00134578
0.00134578
0.00134578
0.00134578
0.00134578
0.00134578
0.00134578
0.00134578
0.00134578
0.00134578
0.00134578
0.00134578
0.00134578
0.00134578
0.00134578
0.00134578
0.00134578
0.00134578
0.00134578
0.00134578
0.00134578
0.00134578
0.00134578
0.00134578
0.00134578
0.00134578
0.00134578
0.00134578
0.00134578
0.00134578
0.00134578
0.00134578
0.00134578
0.00134578
0.00134578
0.00134578
0.00134578
0.00134578
0.00134578
0.00134578
0.00134578
0.00134578
0.00134578
0.00134578
0.00134578
0.00134578
0.00134578
0.00134578
0.00134578
0.00134578
0.00134578
0.00134578
0.00134578
0.00134578
0.00134578
0.00134578
0.00134578
0.00134578
0.00134578
0.00134578
0.00134578
0.00134578
0.00134578
0.00134578
0.00134578
0.00134578
0.00134578
0.00134578
0.00134578
0.00134578
0.00134578
0.00134578
0.00134578
0.00134578
0.00134578
0.00134578
0.00134578
0.00134578
0.00134578
0.00134578
0.00134578
0.00134578
0.00134578
0.00134578
0.00134578
0.00134578
0.00134578
0.00134578
0.00134578
0.00134578
0.00134578
0.00134578
0.00134578
0.00134578
0.00134578
0.00134578
0.00134578
0.00134578
0.00134578
0.00134578
0.00134578
0.00134578
0.00134578
0.00134578
0.00134578
0.00134578
0.00134578
0.00134578
0.00134578
0.00134578
0.00134578
0.00134578
0.00134578
0.00134578
0.00134578
0.00134578
0.00134578
0.00134578
0.00134578
0.00134578
0.00134578
0.00134578
0.00134578
0.00134578
0.00134578
0.00134578
0.00134578
0.00134578
0.00134578
0.00134578
0.00134578
0.00134578
0.00134578
0.00134578
0.00134578
0.00134578
0.00134578
0.00134578
0.00134578
0.00134578
0.00134578
0.00134578
0.00134578
0.00134578
0.00134578
0.00134578
0.00134578
0.00134578
0.00134578
0.00134578
0.00134578
0.00134578
0.00134578
0.00134578
0.00134578
0.00134578
0.00134578
0.00134578
0.00134578
0.00134578
0.00134578
0.00134578
0.00134578
0.00134578
0.00134578
0.00134578
0.00134578
0.00134578
0.00134578
0.00134578
0.00134578
0.00134578
0.00134578
0.00134578
0.00134578
0.00134578
0.00134578
0.00134578
0.00134578
0.00134578
0.00134578
0.00134578
0.00134578
0.00134578
0.00134578
0.00134578
0.00134578
0.00134578
0.00134578
0.00134578
0.00134578
0.00134578
0.00134578
0.00134578
0.00134578
0.00134578
0.00134578
0.00134578
0.00134578
0.00134578
0.00134578
0.00134578
0.00134578
0.00134578
0.00134578
0.00134578
0.00134578
0.00134578
0.00134578
0.00134578
0.00134578
0.00134578
0.00134578
0.00134578
0.00134578
0.00134578
0.00134578
0.00134578
0.00134578
0.00134578
0.00134578
0.00134578
0.00134578
0.00134578
0.00134578
0.00134578
0.00134578
0.00134578
0.00134578
0.00134578
0.00134578
0.00134578
0.00134578
0.00134578
0.00134578
0.00134578
0.00134578
0.00134578
0.00134578
0.00134578
0.00134578
0.00134578
0.00134578
0.00134578
0.00134578
0.00134578
0.00134578
0.00134578
0.00134578
0.00134578
0.00134578
0.00134578
0.00134578
0.00134578
0.00134578
0.00134578
0.00134578
0.00134578
0.00134578
0.00134578
0.00134578
0.00134578
0.00134578
0.00134578
0.00134578
0.00134578
0.00134578
0.00134578
0.00134578
0.00134578
0.00134578
0.00134578
0.00134578
0.00134578
0.00134578
0.00134578
0.00134578
0.00134578
0.00134578
0.00134578
0.00134578
0.00134578
0.00134578
0.00134578
0.00134578
0.00134578
0.00134578
0.00134578
0.00134578
0.00134578
0.00134578
0.00134578
0.00134578
0.00134578
0.00134578
0.00134578
0.00134578
0.00134578
0.00134578
0.00134578
0.00134578
0.00134578
0.00134578
0.00134578
0.00134578
0.00134578
0.00134578
0.00134578
0.00134578
0.00134578
0.00134578
0.00134578
0.00134578
0.00134578
0.00134578
0.00134578
0.00134578
0.00134578
0.00134578
0.00134578
0.00134578
0.00134578
0.00134578
0.00134578
0.00134578
0.00134578
0.00134578
0.00134578
0.00134578
0.00134578
0.00134578
0.00134578
0.00134578
0.00134578
0.00134578
0.00134578
0.00134578
0.00134578
0.00134578
0.00134578
0.00134578
0.00134578
0.00134578
0.00134578
0.00134578
0.00134578
0.00134578
0.00134578
0.00134578
0.00134578
0.00134578
0.00134578
0.00134578
0.00134578
0.00134578
0.00134578
0.00134578
0.00134578
0.00134578
0.00134578
0.00134578
0.00134578
0.00134578
0.00134578
0.00134578
0.00134578
0.00134578
0.00134578
0.00134578
0.00134578
0.00134578
0.00134578
0.00134578
0.00134578
0.00134578
0.00134578
0.00134578
0.00134578
0.00134578
0.00134578
0.00134578
0.00134578
0.00134578
0.00134578
0.00134578
0.00134578
0.00134578
0.00134578
0.00134578
0.00134578
0.00134578
0.00134578
0.00134578
0.00134578
0.00134578
0.00134578
0.00134578
0.00134578
0.00134578
0.00134578
0.00134578
0.00134578
0.00134578
0.00134578
0.00134578
0.00134578
0.00134578
0.00134578
0.00134578
0.00134578
0.00134578
0.00134578
0.00134578
0.00134578
0.00134578
0.00134578
0.00134578
0.00134578
0.00134578
0.00134578
0.00134578
0.00134578
0.00134578
0.00134578
0.00134578
0.00134578
0.00134578
0.00134578
0.00134578
0.00134578
0.00134578
0.00134578
0.00134578
0.00134578
0.00134578
0.00134578
0.00134578
0.00134578
0.00134578
0.00134578
0.00134578
0.00134578
0.00134578
0.00134578
0.00134578
0.00134578
0.00134578
0.00134578
0.00134578
0.00134578
0.00134577
0.00134576
0.00134577
0.00134576
0.00134578
0.00134578
0.00134577
0.00134577
0.00134577
0.00134577
0.00134577
0.00134577
0.00134577
0.00134578
0.00134577
0.00134577
0.00134577
0.00134576
0.00134577
0.00134575
0.00134577
0.00134576
0.00134577
0.00134575
0.00134578
0.00134578
0.00134578
0.00134578
0.00134577
0.00134577
0.00134577
0.00134577
0.00134578
0.00134578
0.00134578
0.00134578
0.00134578
0.00134578
0.00134578
0.00134578
0.00134578
0.00134578
0.00134578
0.00134578
0.00134578
0.00134578
0.00134578
0.00134578
0.00134578
0.00134578
0.00134578
0.00134578
0.00134578
0.00134578
0.00134578
0.00134578
0.00134578
0.00134578
0.00134578
0.00134578
0.00134578
0.00134578
0.00134578
0.00134578
0.00134578
0.00134578
0.00134578
0.00134578
)
;
    }
}


// ************************************************************************* //
