/*--------------------------------*- C++ -*----------------------------------*\
  =========                 |
  \\      /  F ield         | OpenFOAM: The Open Source CFD Toolbox
   \\    /   O peration     | Website:  https://openfoam.org
    \\  /    A nd           | Version:  11
     \\/     M anipulation  |
\*---------------------------------------------------------------------------*/
FoamFile
{
    format      ascii;
    class       volScalarField;
    location    "0";
    object      thicknessFraction;
}
// * * * * * * * * * * * * * * * * * * * * * * * * * * * * * * * * * * * * * //

dimensions      [0 0 0 0 0 0 0];

internalField   uniform 0;

boundaryField
{
    inlet
    {
        type            fixedValue;
        value           uniform 0;
    }
    outlet
    {
        type            fixedValue;
        value           uniform 0;
    }
    y_max
    {
        type            fixedValue;
        value           uniform 0;
    }
    y_min
    {
        type            fixedValue;
        value           uniform 0;
    }
    z_max
    {
        type            fixedValue;
        value           uniform 0;
    }
    z_min
    {
        type            fixedValue;
        value           uniform 0;
    }
    cylinder
    {
        type            fixedValue;
        value           nonuniform List<scalar> 
8704
(
0
0
0
0
0.331802
0.493906
0.266556
0.488307
0.928836
0.792475
0.980021
0.995514
0.999894
0.99921
0.999989
0.999999
1
1
1
1
1
1
1
1
0.999989
0.999999
0.999894
0.99921
0.980021
0.995514
0.928836
0.792475
0.266556
0.488307
0.331802
0.493906
0.999992
0.998379
0.99975
1
0.999937
0.999985
1
1
1
1
1
1
1
1
1
1
1
1
1
1
1
1
0.999773
0.99996
0.693676
0.287213
0.851191
0.914236
0.918519
0.965152
0.999618
0.999853
0.999915
1
1
1
1
1
1
1
1
1
0.997823
0.998957
0.99938
0.823531
0.778251
0.927744
0.99963
0.999961
1
1
1
1
1
0.9999
0.999999
1
1
1
1
1
1
1
0.999975
0.999941
1
1
1
1
1
1
1
1
1
1
1
1
0.999999
0.999998
1
0.998409
1
0.999991
1
1
1
1
1
1
1
1
1
1
1
0.999957
1
1
1
1
1
1
1
1
0.999996
1
0.999999
1
1
1
1
1
1
1
1
1
1
1
1
1
1
1
1
1
1
1
1
1
0.999997
1
1
1
1
1
1
1
1
1
1
1
1
1
1
1
1
1
1
1
1
1
0.999997
0.999999
0.999983
1
0.999976
1
0.999996
0.677105
0.902319
0.999773
0.999947
0.999995
0.99996
0.956921
0.982445
1
1
0.999999
1
1
0.963626
0.999642
1
0.999999
1
1
0.99153
0.999874
1
1
1
1
1
0.999958
1
1
1
1
1
0.999986
1
1
1
1
1
1
1
1
1
1
1
1
1
1
1
1
1
1
1
1
1
1
1
1
1
1
1
1
1
1
1
1
1
0.999958
1
1
1
1
1
0.999986
1
1
1
1
0.999999
0.999642
0.963626
0.999937
1
0.999999
0.999985
0.999874
0.99153
1
0.999983
0.999996
0.999992
0.999976
0.902319
0.677105
0.998379
0.999995
0.999947
0.99975
0.982445
0.956921
0.99986
0.999995
0.778251
0.927744
0.606603
0.750283
0.997826
0.924588
0.999263
0.999999
1
0.998957
0.883689
0.997631
0.999683
0.999337
0.999999
1
1
1
1
0.999624
1
1
1
1
1
1
1
1
1
1
1
1
1
1
1
1
1
1
1
1
1
1
1
0.999618
0.999853
0.999915
1
0.999624
1
0.999908
1
1
0.999999
0.918519
0.965152
0.997631
0.883689
0.999999
0.963206
0.999683
0.999995
0.99986
0.693676
0.287213
0.750283
0.606603
0.999263
0.863083
0.997826
0.9999
0.999415
0.999983
1
0.999996
1
1
1
1
1
1
1
1
1
1
1
1
0.999996
0.999983
0.999415
0.999703
0.999988
0.999951
0.999998
0.999997
1
1
1
1
1
1
1
1
1
1
1
1
1
1
1
1
1
1
1
1
0.999997
1
1
0.999988
0.999703
0.999998
0.999951
0.999981
0.999999
1
1
1
1
1
1
1
1
1
1
1
1
0.999999
0.999981
0.999968
0.999998
1
1
1
1
1
1
1
1
1
1
1
1
1
1
1
1
0.999416
1
0.999998
1
0.999916
0.999997
1
0.999999
1
1
1
1
1
1
1
1
1
1
1
1
1
1
0.999999
0.999999
0.999997
0.999916
1
1
1
1
1
1
1
1
1
1
1
1
1
1
1
1
1
1
1
1
1
1
1
1
1
1
1
1
1
1
1
1
1
1
1
1
1
1
1
1
0.999999
1
0.999999
1
1
1
1
1
1
1
1
1
1
1
1
1
1
1
1
1
1
1
1
1
1
1
1
1
1
1
1
1
1
1
1
1
1
1
1
1
1
1
1
1
1
1
1
1
1
1
1
1
1
1
1
1
1
0.999999
1
0.999999
1
1
1
1
1
1
0.999997
0.999998
0.999999
0.999993
0.999997
0.999997
0.998999
0.999723
0.99985
0.998437
0.999735
0.999033
0.998976
0.999876
1
1
1
1
1
1
0.999946
0.999976
0.999805
0.999994
0.999994
0.999989
0.999946
0.999996
0.999814
1
1
1
1
1
1
1
1
1
1
1
1
1
1
1
1
1
1
1
1
1
1
1
1
1
1
1
1
1
1
1
1
1
1
1
1
1
1
1
1
1
1
1
1
1
1
1
1
1
1
1
1
1
1
1
1
1
1
1
1
1
1
1
1
0.999991
1
0.999999
0.999999
1
0.999999
0.99999
1
0.999999
0.999999
1
1
1
1
0.999999
0.999276
0.999938
0.999547
0.999897
0.999974
0.999456
0.9993
0.999926
0.999973
0.999916
0.372817
0.715249
0.960672
0.853329
0.86649
0.95335
0.999983
0.999667
0.999807
0.999963
1
1
1
1
1
1
1
1
1
1
1
1
1
1
1
1
1
1
1
1
1
1
1
1
1
1
1
1
1
1
1
1
1
1
1
1
1
1
1
1
0.998421
0.999597
0.999797
0.997335
0.642559
0.834226
0.865297
0.59343
0.309501
0.696901
0.871984
1
0.999999
1
0.930684
0.967783
0.99631
0.960472
0.98918
0.985926
1
0.999965
0.999997
0.999992
1
1
1
1
1
1
1
1
1
1
1
1
1
1
1
1
1
1
1
1
1
1
1
1
1
1
1
1
1
1
1
1
1
1
1
1
1
1
1
1
0.999984
0.999991
0.999902
0.999999
0.988009
0.984322
0.956547
0.995907
0.975842
0.970043
0.987674
1
1
0.999884
0.99995
0.999163
0.999999
0.999901
0.999983
0.999991
1
1
1
1
1
1
1
1
1
1
1
1
1
1
1
1
1
1
1
1
1
1
1
1
1
1
1
1
1
1
1
1
1
1
1
1
1
1
1
1
1
1
1
1
1
1
1
1
0.999997
0.999991
0.999957
0.999999
0.999985
0.999972
0.999992
1
1
1
1
1
1
1
1
1
1
1
1
1
1
1
1
1
1
1
1
1
1
1
1
1
1
1
1
1
1
1
1
1
1
1
1
1
1
1
1
1
1
1
1
1
1
1
1
1
1
1
1
1
1
1
1
1
1
1
1
1
1
1
1
1
1
1
1
1
1
1
1
1
1
1
1
1
1
1
1
1
1
1
1
1
1
1
1
1
1
1
1
1
1
1
1
1
1
1
1
1
1
1
1
1
1
1
1
1
1
1
1
1
1
1
1
1
1
1
1
1
1
1
1
1
1
1
1
1
1
0.999988
0.999995
1
1
1
0.999999
1
1
1
1
1
1
1
1
1
1
1
1
1
1
1
1
1
1
1
1
1
1
1
1
1
1
1
1
1
1
1
1
1
1
1
1
1
1
1
1
1
1
1
1
1
1
1
1
1
1
1
1
0.999999
0.999998
1
1
1
0.980047
0.990509
0.995387
0.99911
0.999284
0.999851
0.996295
1
1
1
0.999999
1
1
1
1
1
1
1
1
1
1
1
1
1
1
1
1
1
1
1
1
1
1
1
1
1
1
1
1
1
1
1
1
1
1
1
1
1
1
1
1
0.999998
1
1
1
0.9975
0.999896
0.999614
0.999224
0.994318
0.991935
0.996773
0.999998
0.999997
0.302211
0.747785
0.513642
0.967101
0.918982
0.977584
0.883462
0.999988
0.999912
0.999993
0.999858
1
1
1
1
1
1
1
1
1
1
1
1
1
1
1
1
1
1
1
1
1
1
1
1
1
1
1
1
1
1
1
1
1
1
1
1
1
1
1
1
0.999118
0.999962
0.999637
0.999896
0.750343
0.955916
0.880058
0.909309
0.502276
0.734057
0.893403
0.999979
0.999967
0.999967
0.999783
0.999918
0.999921
0.999961
0.999786
1
1
0.999998
0.999991
1
0.999999
0.999998
1
1
1
1
1
1
1
1
1
1
1
1
1
1
1
1
1
1
1
1
1
1
1
1
1
1
1
1
1
1
1
1
1
1
1
1
1
1
0.999999
1
1
1
1
0.999999
0.999999
0.999996
0.999994
0.999839
0.99997
0.999996
0.999992
0.999986
0.998484
0.996808
0.998943
0.994566
0.999995
0.999978
0.999997
0.999971
1
1
1
1
1
1
1
1
1
1
1
1
1
1
1
1
0.999999
1
1
1
0.999484
0.999897
0.999625
0.99986
0.999826
0.999901
0.999949
1
1
1
1
1
1
1
1
1
1
1
1
1
0.999992
0.999965
0.999981
0.999999
0.999999
0.999745
1
1
0.999999
1
1
1
1
1
1
1
1
1
1
1
1
1
1
1
1
1
0.999914
0.99999
0.999988
0.999995
0.999999
0.999972
0.999912
0.999959
1
1
1
1
1
1
1
1
1
1
1
1
1
1
1
1
1
1
1
1
1
1
1
1
1
1
1
1
1
1
1
1
1
1
1
1
1
1
1
1
1
1
1
0.999996
0.999998
1
0.99999
0.999997
0.999987
1
1
0.999671
1
1
0.999999
1
1
1
1
1
1
1
1
1
1
1
1
1
1
1
1
1
1
1
1
1
1
1
1
0.999883
1
1
1
1
1
1
1
1
1
1
1
1
1
1
1
1
1
1
1
1
1
1
1
1
1
1
1
1
1
1
1
1
0.999997
0.999998
0.999998
1
1
1
1
1
0.999999
1
1
1
1
1
1
1
1
1
1
1
1
1
1
1
1
1
1
1
1
1
1
1
1
1
1
1
1
1
1
1
1
1
1
1
1
1
1
1
1
1
1
1
1
1
1
1
1
1
1
1
1
1
1
1
1
1
1
1
1
1
1
1
1
1
1
1
1
0.999999
0.999999
0.999999
1
1
1
1
1
1
1
1
0.999999
1
1
1
0.999999
1
1
1
1
1
1
1
1
1
1
1
1
1
1
1
1
1
1
1
1
1
1
1
1
1
1
1
1
1
1
1
0.999999
1
0.999997
0.999998
0.999999
1
0.999983
0.999995
0.999999
1
1
1
0.999998
1
0.999997
0.99999
0.999999
1
0.999993
1
0.999276
0.999938
0.999897
0.999547
0.994298
0.97251
0.963092
0.982252
0.998013
0.995626
0.991503
0.887475
0.718132
0.923303
0.801751
0.999456
0.999974
0.999985
0.999974
0.999988
0.9993
0.999926
0.999574
0.993238
0.966099
0.973415
1
1
1
1
1
1
1
1
1
1
1
1
1
1
1
1
1
0.999991
1
0.999999
0.999999
0.999295
0.997089
0.999867
0.999882
0.999999
0.999982
0.999987
0.996243
0.989662
0.986087
0.999258
0.997772
0.999999
1
1
1
0.99999
1
0.997065
0.999274
1
1
1
1
1
1
1
1
1
1
1
1
1
1
1
1
1
1
1
1
1
1
1
0.999999
1
1
1
1
0.999999
0.999997
1
1
1
1
1
1
1
1
1
1
0.999999
1
1
1
1
1
1
1
1
1
1
1
1
1
1
1
1
1
1
1
1
1
1
1
1
1
1
1
1
1
1
1
1
1
1
1
1
1
1
1
1
1
1
1
1
1
1
1
1
1
1
1
1
1
1
1
1
1
1
1
1
1
1
1
1
1
1
1
1
1
1
1
1
1
1
1
1
1
1
1
1
1
1
1
1
1
1
1
1
1
1
1
1
1
1
1
1
1
1
1
1
1
1
1
1
1
1
1
1
1
1
1
1
1
1
1
1
1
0.999999
1
1
0.999999
0.999997
1
1
1
1
1
1
1
1
1
0.999999
1
1
1
1
1
1
1
1
1
1
1
1
1
1
1
1
1
1
0.999946
0.999805
0.99946
0.999882
0.999999
0.999987
0.999295
0.999372
0.999867
0.997089
0.999258
0.997772
0.999896
0.996243
0.989662
0.999989
0.999994
1
1
0.999946
0.999996
0.999814
0.999274
0.997065
1
0.999999
1
0.999998
0.999997
0.999998
0.999999
0.999993
0.999995
0.999983
1
0.999993
0.999997
0.999997
0.99999
0.999997
0.998999
0.999723
0.99985
0.998437
0.994298
0.982252
0.991503
0.995626
0.97251
0.989379
0.992819
0.963092
0.923303
0.801751
0.961934
0.887475
0.718132
0.999033
0.999735
0.999999
0.999988
0.999974
0.999985
0.998976
0.999876
0.973415
0.966099
0.999945
0.99998
0.999915
0.99995
0.999972
0.999983
0.999986
0.999977
0.999891
0.999995
0.999991
0.999988
0.999998
0.999997
0.637264
0.647114
0.302211
0.773001
0.676819
0.991097
0.997754
0.998476
0.988385
0.967101
0.918982
0.883462
0.977584
0.992862
0.999247
0.99883
0.995262
0.999999
1
1
0.999997
0.999988
0.999912
0.999858
0.999993
0.999999
1
1
1
1
1
1
1
1
1
1
1
1
1
1
1
1
1
1
1
1
1
1
1
1
1
1
1
1
1
1
1
1
1
1
1
1
1
1
1
1
1
1
1
1
1
1
1
1
1
1
1
1
1
1
1
1
1
1
1
1
1
1
1
1
1
1
1
1
1
1
1
1
1
1
1
1
1
1
1
1
1
1
1
1
1
1
1
1
1
1
1
1
1
1
1
1
1
1
1
1
1
1
1
1
1
1
1
1
1
1
1
0.999999
0.999954
0.999981
0.999996
1
1
1
1
1
0.999997
0.999991
1
0.990902
0.946621
0.960182
0.986486
0.999118
0.999962
0.999896
0.999637
0.994523
0.987964
0.974492
0.997558
0.245149
0.217035
0.750343
0.955916
0.909309
0.880058
0.460882
0.694475
0.27835
0.764116
0.502276
0.734057
0.893403
0.395812
0.27644
0.613386
0.318425
0.226619
0.643921
0.989023
0.998518
0.991509
0.891395
0.978368
0.968241
0.998855
0.995456
0.993154
1
1
1
1
1
1
1
1
1
1
1
1
1
1
0.893227
0.961849
0.980047
0.990509
0.997768
0.989468
0.999309
0.999673
0.997802
0.999909
0.99911
0.999284
0.996295
0.999851
0.999855
0.999998
0.999984
0.99998
1
1
1
1
1
1
0.999999
1
1
1
1
1
1
1
1
1
1
1
1
1
1
1
1
1
1
1
1
1
1
1
1
1
1
1
1
1
1
1
1
1
1
1
1
1
1
1
1
1
1
1
1
1
1
1
1
1
1
1
1
1
1
1
1
1
1
1
1
1
1
1
1
1
1
1
1
1
1
1
1
1
1
1
1
1
1
1
1
1
1
1
1
1
1
1
1
1
1
1
1
1
1
1
1
1
1
1
1
1
1
1
1
1
1
1
1
1
1
1
1
1
1
1
1
1
1
1
1
1
1
1
1
1
0.999844
0.995945
0.999247
0.999035
0.999998
1
1
1
0.999979
0.999983
0.999841
0.999998
0.975984
0.915718
0.9975
0.999896
0.999224
0.999614
0.994644
0.998602
0.992411
0.999083
0.994318
0.991935
0.938658
0.927751
0.958829
0.983455
0.980367
0.98873
0.997901
0.999913
0.999344
0.996561
0.999858
0.999151
0.999985
0.999982
0.999863
1
1
1
1
1
1
1
1
1
1
1
1
1
1
1
0.999643
0.999958
0.999988
0.999995
0.999999
1
0.999997
1
1
0.999998
1
1
1
0.999999
1
1
1
1
1
1
1
1
1
1
1
1
1
1
1
1
1
1
1
1
1
1
1
1
1
1
1
1
1
1
1
1
1
1
1
1
1
1
1
1
1
1
1
1
1
1
1
1
1
1
1
1
1
1
1
1
1
1
1
1
1
1
1
1
1
1
1
1
1
1
1
1
1
1
1
1
1
1
1
1
1
1
1
1
1
1
1
1
1
1
1
1
1
1
1
1
1
1
1
1
1
1
1
1
1
1
1
1
1
1
1
1
1
1
1
1
1
1
1
1
1
1
1
1
1
1
1
1
1
1
1
1
1
1
1
1
1
1
0.999999
1
1
1
1
1
1
1
1
1
1
0.999989
0.999882
1
1
1
1
0.999999
1
0.999998
1
0.999999
0.999998
1
0.999925
0.999911
0.999956
0.999993
0.999992
0.999996
0.999999
1
1
1
1
1
1
1
1
1
1
1
1
1
1
1
1
1
1
1
1
1
1
1
1
1
1
1
1
1
1
1
1
1
1
1
1
1
1
1
1
1
1
1
1
1
1
1
1
1
1
1
1
1
1
1
1
1
1
1
1
1
1
1
1
1
1
1
1
1
1
1
1
1
1
1
1
1
1
1
1
1
1
1
1
1
1
1
1
1
1
1
1
1
1
1
1
1
1
1
1
1
1
1
1
1
1
1
1
1
1
1
1
1
1
1
1
1
1
1
1
1
1
1
1
1
1
1
1
1
1
1
1
1
1
1
1
1
1
1
1
1
1
1
1
1
1
1
1
1
1
1
1
1
1
1
1
1
1
1
1
1
1
1
1
1
1
1
1
1
1
1
1
1
1
1
1
1
1
1
1
1
1
1
1
1
1
1
1
1
1
1
1
1
1
1
1
1
1
1
1
1
1
1
1
1
1
1
1
1
1
1
1
1
1
1
1
1
1
1
1
1
1
1
1
1
1
1
1
1
1
1
1
1
1
1
1
1
1
1
1
1
1
1
1
1
1
1
1
1
1
1
1
1
1
1
1
1
1
1
1
1
1
1
1
1
1
1
1
1
1
1
1
1
1
1
1
1
1
1
1
1
1
1
1
1
1
1
1
1
1
1
1
1
1
1
1
1
1
1
1
1
1
1
1
1
1
1
1
1
1
1
1
1
1
1
1
1
1
1
1
1
1
1
1
1
1
1
1
1
1
1
1
1
1
1
1
1
1
1
1
1
1
1
1
1
1
1
1
1
1
1
1
1
1
1
1
1
1
1
1
1
1
1
1
1
1
1
1
1
1
1
1
1
1
1
1
1
1
1
1
1
1
1
1
1
1
1
1
1
1
1
1
1
1
1
1
1
1
1
1
1
1
1
1
1
1
1
1
1
1
1
1
1
1
1
1
1
1
1
1
1
1
1
1
1
1
1
1
1
1
1
1
1
1
1
1
0.999997
0.999884
0.99995
0.999643
0.999958
1
1
1
1
0.999999
0.999901
0.999991
0.999983
1
1
1
0.999998
1
1
1
1
1
1
1
1
1
1
1
1
1
1
1
1
1
1
1
1
1
1
1
1
1
1
1
1
1
1
1
1
1
1
1
1
1
1
1
1
1
1
1
1
1
1
1
1
1
1
1
1
1
1
1
1
1
1
1
1
1
1
1
1
1
1
1
1
1
1
1
1
1
1
1
1
1
1
1
1
1
1
1
1
1
1
1
1
1
1
1
1
1
1
1
1
1
1
1
1
1
1
1
1
1
1
1
1
1
1
1
1
1
1
1
1
1
1
1
1
1
1
1
1
1
1
1
1
1
1
1
1
1
1
1
1
1
1
1
1
1
0.999999
1
1
0.999999
1
0.999998
0.999997
0.999991
0.999999
0.999957
0.999989
0.999803
0.999979
0.999882
0.999985
0.999972
0.999993
0.999992
0.999996
0.999925
0.999911
0.999956
1
1
1
0.999991
0.999984
0.999999
1
0.999999
1
1
1
1
1
1
1
1
1
1
1
0.999999
1
1
0.999999
1
0.997768
0.989468
0.930684
0.893227
0.961849
0.999855
0.999998
0.99998
0.999984
0.99631
0.960472
0.985926
0.98918
0.999309
0.999673
0.999909
0.997802
1
1
1
1
1
0.999965
0.999992
0.999997
1
1
1
1
1
1
1
1
1
1
1
1
1
1
1
1
1
1
1
1
1
1
1
1
1
1
1
1
1
1
1
1
1
1
1
1
1
1
1
1
1
1
1
1
1
1
1
1
1
1
1
1
1
1
1
1
1
1
1
1
1
1
1
1
1
1
1
1
1
1
1
1
1
1
1
1
1
1
1
1
1
1
1
1
1
1
1
1
1
1
1
1
1
1
1
1
1
1
1
1
1
1
1
1
1
1
1
1
1
1
1
1
1
1
1
1
1
1
1
1
1
1
1
1
0.999979
0.999983
0.999998
0.999841
0.999984
0.999991
0.999999
0.999902
0.999844
0.995945
0.999035
0.999247
0.994644
0.999083
0.992411
0.988009
0.984322
0.995907
0.956547
0.975984
0.890206
0.967711
0.915718
0.975842
0.970043
0.983455
0.980367
0.98873
0.938658
0.927751
0.958829
0.999982
0.999985
0.999863
0.986912
0.989585
0.996463
0.999913
0.997901
0.999344
0.99998
0.999945
0.999972
0.999983
0.999915
0.99995
0.999995
0.999991
0.999986
0.999977
0.999891
0.999966
0.999973
0.999916
0.773001
0.676819
0.372817
0.715249
0.637264
0.647114
0.992862
0.999247
0.995262
0.99883
0.960672
0.853329
0.86649
0.95335
0.991097
0.997754
0.998476
0.988385
0.999999
1
1
1
0.999983
0.999667
0.999807
0.999963
0.999999
1
1
0.999997
1
1
1
1
1
1
1
1
1
1
1
1
1
1
1
1
1
1
1
1
1
1
1
1
1
1
1
1
1
1
1
1
1
1
1
1
1
1
1
1
1
1
1
1
1
1
1
1
1
1
1
1
1
1
1
1
1
1
1
1
1
1
1
1
1
1
1
1
1
1
1
1
1
1
1
1
1
1
1
1
1
1
1
1
1
1
1
1
1
1
1
1
1
1
1
1
1
1
1
1
1
1
1
1
1
1
1
1
1
0.999997
1
0.999991
1
1
1
1
0.999999
0.999954
0.999981
0.999996
0.994523
0.987964
0.997558
0.974492
0.998421
0.999597
0.999797
0.997335
0.990902
0.946621
0.960182
0.986486
0.460882
0.694475
0.764116
0.642559
0.834226
0.865297
0.59343
0.245149
0.217035
0.309501
0.696901
0.318425
0.226619
0.643921
0.395812
0.27644
0.613386
0.995456
0.998855
0.993154
0.875423
0.955371
0.962156
0.998518
0.989023
0.991509
0.999999
0.999999
0.999998
0.99999
0.999971
0.999994
0.999999
0.999999
0.99997
0.999996
0.999986
0.999992
0.999815
0.999945
0.999937
1
1
1
1
1
1
1
1
1
1
1
1
1
1
1
1
1
0.999999
0.999999
1
1
1
1
1
1
1
1
1
1
1
1
1
1
1
1
1
1
1
1
1
1
1
1
1
1
1
1
1
1
1
1
1
1
1
1
1
1
1
1
1
1
1
1
1
1
1
1
1
1
1
1
1
1
1
1
1
1
1
1
1
1
1
1
1
1
1
1
1
1
1
1
1
1
1
1
1
1
1
1
1
1
1
1
0.999998
1
1
1
0.999999
1
0.999998
1
1
0.999999
0.999987
0.999998
0.999979
0.999967
0.999955
0.999999
0.999999
0.999995
0.999783
0.999967
0.99999
0.999971
0.999985
0.999918
0.999921
0.999961
0.999786
0.999937
0.999815
0.999925
0.999975
0.999784
0.998829
0.999476
0.99956
0.999924
0.999949
0.999981
0.999811
0.999875
0.999791
0.999955
0.999992
0.999866
0.999978
0.999995
0.999992
1
0.999999
1
1
0.99999
0.999996
0.999998
1
1
1
1
1
0.999998
1
1
0.999999
1
1
1
1
1
1
1
1
1
1
1
1
1
1
1
1
1
1
1
1
1
1
1
1
1
1
1
1
1
1
1
1
1
1
1
1
1
1
1
1
1
1
1
1
1
1
1
1
1
1
1
1
1
1
1
1
1
1
1
1
1
1
1
1
1
1
1
1
1
1
1
1
1
1
1
1
1
1
1
1
0.999999
1
1
1
1
1
0.99999
0.999996
0.999998
1
1
1
0.999998
1
1
0.999999
1
0.999975
0.999925
0.999843
0.999924
0.999949
0.999981
0.999811
0.999784
0.998829
0.999476
0.99956
0.999955
0.999992
0.999875
0.999791
0.999995
0.999992
0.999866
0.999978
0.999484
0.999897
0.999625
0.99986
0.998606
0.995492
0.999518
0.999869
0.999918
0.999991
0.999997
0.999999
1
1
1
0.999996
0.999973
0.999983
0.999999
1
1
1
1
1
1
1
1
1
1
1
1
1
1
1
1
1
1
1
1
1
1
1
1
1
1
1
1
1
1
1
1
1
1
1
1
1
1
1
1
1
1
1
1
1
1
1
1
1
1
1
0.999995
0.999978
0.999997
0.999971
0.999999
1
0.999996
0.999973
1
1
0.998484
0.996808
0.998943
0.994566
0.999518
0.999869
0.999918
0.998606
0.995492
0.999998
0.999997
0.999991
0.999886
0.999959
0.999993
0.999999
0.999994
0.999998
1
1
0.999965
0.999866
0.999953
1
1
1
1
1
1
1
1
1
1
1
1
1
1
1
1
1
1
1
1
1
1
1
1
1
1
1
1
1
1
1
1
1
1
1
1
1
1
1
1
1
1
1
1
1
1
1
0.999999
0.999998
1
1
1
1
1
1
1
1
0.999826
0.999998
1
1
0.999981
0.999959
0.999999
0.999993
0.999901
0.999953
0.999866
0.999995
1
1
0.999998
0.999806
0.999807
0.999968
0.999995
0.999988
0.999995
0.999914
1
1
1
0.999999
0.999999
0.999999
1
1
1
1
1
1
1
1
1
1
1
1
1
1
1
1
1
1
1
1
1
1
1
1
1
1
1
1
1
1
1
1
1
1
1
1
1
1
1
1
1
1
1
1
1
1
1
1
1
1
1
1
1
1
1
1
1
0.999999
0.999999
1
0.999999
0.999999
0.999998
0.999999
0.999995
0.999995
0.999995
0.999988
0.999914
0.999806
0.999968
0.999807
0.999745
0.999998
1
0.999998
0.999999
1
1
1
1
1
1
0.999999
1
1
1
1
1
1
1
1
1
1
1
1
1
1
1
1
1
1
1
1
1
1
1
1
1
1
1
1
1
1
1
1
1
1
1
1
1
1
1
1
1
1
1
1
1
1
1
1
1
1
1
1
1
1
1
1
1
1
1
1
1
1
1
1
1
1
1
1
1
1
1
1
1
1
1
1
1
1
1
1
1
1
1
1
1
0.999999
0.999995
0.999998
1
0.999999
1
1
1
1
1
1
1
0.999999
1
1
1
1
1
1
1
1
0.999999
0.999995
1
1
0.999999
1
0.999436
0.999883
0.999812
1
1
1
1
1
1
1
1
1
1
1
1
1
0.999999
1
1
1
1
1
1
1
1
1
1
1
1
1
1
1
1
1
1
1
1
1
1
1
1
1
1
1
1
1
1
1
1
1
1
1
1
1
1
1
1
1
1
1
1
1
1
1
1
1
1
1
1
1
1
1
1
1
1
1
1
1
1
1
1
1
1
1
1
1
1
1
1
1
1
1
1
1
1
1
0.999999
0.999999
1
1
1
1
1
1
1
1
1
1
0.999999
1
1
0.999999
0.999995
0.999812
0.999671
0.999436
1
1
1
1
1
1
0.999997
0.999999
0.999999
1
1
1
1
1
1
1
1
1
1
1
1
1
1
1
1
1
1
1
1
1
1
1
1
1
1
1
1
1
1
1
1
1
1
1
1
1
1
1
1
1
1
1
1
1
1
1
1
1
1
1
1
1
1
1
1
1
1
1
1
1
1
1
1
1
1
1
1
1
1
1
1
1
1
1
1
1
1
1
1
1
1
1
1
1
1
1
1
1
1
1
1
1
1
1
1
1
1
1
1
1
1
1
1
1
1
1
1
1
1
1
1
1
1
1
1
1
1
1
1
1
1
1
1
1
0.999997
1
1
1
1
1
0.999999
0.999997
1
1
1
1
1
1
1
0.999997
0.999999
0.999999
0.999999
0.999998
0.999999
0.999999
1
1
1
1
1
1
1
1
1
1
1
1
1
1
1
1
1
1
1
1
1
1
1
1
1
1
1
1
1
1
1
1
1
1
1
1
1
1
1
1
1
1
1
1
1
1
1
1
1
1
1
1
1
1
1
1
1
1
1
1
1
1
1
1
1
1
1
1
1
1
1
1
1
1
1
1
1
1
1
1
1
1
0.999999
0.999997
0.999998
0.999997
0.999999
0.999998
0.999998
1
1
1
1
1
1
1
1
0.999999
1
1
1
1
1
1
1
0.863083
0.963206
0.999908
1
1
1
0.999337
0.924588
0.999874
0.999993
0.999998
0.999999
1
1
1
1
1
1
1
1
0.999995
0.999162
0.999995
1
1
1
1
1
0.999978
0.999994
1
1
1
1
1
1
1
0.999583
0.999996
1
1
0.999982
1
1
1
1
1
1
1
1
1
1
1
1
0.999992
1
1
1
1
1
1
1
1
1
1
1
1
1
1
1
1
1
1
1
1
1
1
1
0.999998
1
0.900864
0.964563
0.950895
0.985067
0.999964
0.999998
1
1
0.97576
0.992848
0.999511
0.9999
1
1
1
1
0.999929
0.999989
1
1
1
1
1
1
1
1
1
1
1
1
1
1
1
1
1
1
1
1
1
1
1
1
0.999929
0.999989
1
1
1
1
0.999511
0.9999
0.97576
0.992848
1
1
1
0.999998
0.950895
0.985067
0.900864
0.964563
0.999998
0.999964
0.999695
0.999953
0.999992
0.999998
0.999976
0.999999
0.999996
0.823531
0.999998
1
1
1
1
0.999999
1
1
0.997823
0.99938
1
1
1
1
1
1
1
1
1
1
1
1
1
1
1
1
1
1
1
1
1
1
1
1
1
1
1
1
1
1
1
1
1
1
1
0.999998
1
1
1
1
0.914236
0.999992
0.999998
0.999695
0.999953
0.999999
0.999996
0.999976
0.851191
0.999957
0.999967
0.999999
0.999999
0.999955
1
1
1
1
1
1
1
1
1
1
1
1
1
1
1
1
1
1
1
1
1
1
1
1
1
1
1
1
0.999961
0.999999
0.999999
0.999957
0.999967
0.99963
0.999957
0.999999
1
1
1
1
1
1
1
1
1
1
1
1
0.999999
0.999957
0.999416
0.998148
1
1
1
1
1
1
1
1
1
1
1
1
0.999993
0.999983
0.999968
0.998148
0.999992
0.999561
0.999983
1
0.999996
1
1
1
1
1
1
1
1
1
1
1
1
1
1
1
1
0.999996
0.999983
0.999561
0.999999
0.999884
0.999994
0.999978
1
0.999999
1
1
1
1
1
1
1
1
1
1
1
1
1
1
1
1
1
1
1
1
0.999999
0.999995
0.999975
0.999994
0.999884
0.999162
0.999993
1
1
1
1
1
0.999998
0.99936
0.999976
1
1
1
1
1
1
1
1
1
0.999995
1
1
1
1
1
1
1
1
1
1
1
1
1
1
1
1
1
1
1
1
1
1
1
1
1
1
1
1
1
1
1
1
1
1
1
1
1
1
1
1
1
1
1
1
1
1
1
1
1
1
0.999995
1
0.999993
0.999994
1
1
1
1
0.999941
0.999976
0.99936
0.999999
1
1
1
1
1
1
0.997477
0.999982
0.999957
0.999944
1
1
1
1
1
1
1
1
0.999989
1
1
1
1
1
1
1
1
1
1
1
1
1
1
1
1
1
1
1
1
1
1
1
1
1
1
1
1
1
1
1
1
1
1
1
1
1
1
1
1
1
1
1
1
1
1
1
1
1
1
1
1
1
1
0.999996
0.999991
0.999989
1
0.999999
1
1
1
1
0.999944
0.998409
0.997477
0.999997
1
0.999997
1
0.999999
1
1
1
1
1
1
1
1
1
1
1
1
1
1
1
1
1
1
1
1
1
1
1
1
1
1
1
1
1
1
1
1
1
1
1
1
1
1
1
1
1
1
1
1
1
1
1
1
1
1
1
1
1
1
1
1
1
1
1
1
1
1
1
1
1
1
1
1
1
1
1
1
0.999997
0.999996
1
1
0.999999
0.999999
1
1
1
0.99999
1
1
1
1
1
1
1
1
1
1
1
1
1
1
1
1
1
1
1
1
1
1
1
1
1
1
1
1
1
1
1
1
1
1
1
1
1
1
1
1
1
1
1
1
1
1
1
1
1
1
1
1
1
1
1
1
1
1
1
1
1
1
1
1
1
1
1
1
1
1
1
1
1
1
1
1
1
1
1
1
0.99999
0.999992
1
1
1
1
1
1
1
1
0.999999
0.999866
0.989379
0.992819
0.999997
1
0.999998
0.998276
1
0.999999
0.999372
1
1
1
1
1
1
1
1
1
1
1
1
1
1
1
1
1
1
1
1
1
1
1
1
1
1
1
1
1
1
1
1
1
1
1
1
1
0.999982
1
1
1
1
1
0.999931
0.998013
1
1
0.999999
0.999574
0.999987
0.999971
0.532513
0.667997
1
0.801495
0.890206
0.967711
0.914787
1
1
0.999803
0.999979
0.999747
1
1
1
1
1
1
1
1
0.999999
1
1
1
1
0.998602
0.998348
0.999995
0.999989
0.27835
0.817022
0.99999
0.999988
0.955371
0.875423
0.962156
0.999985
1
1
0.989585
0.986912
0.996463
1
1
0.999984
0.999991
0.999999
1
1
1
1
1
1
1
1
1
1
1
1
1
1
1
1
1
1
1
1
0.999858
0.996561
0.999151
1
0.999996
0.978368
0.891395
0.968241
0.999989
0.999995
0.99999
1
1
1
1
1
1
1
1
0.999913
0.999981
0.999701
1
1
0.999999
0.999998
1
1
1
1
1
1
1
1
1
1
1
1
1
1
1
1
1
1
1
1
1
0.999968
0.999994
0.999886
0.99999
0.999997
0.999914
0.999967
0.999746
0.99912
1
0.999999
0.999995
1
1
1
1
1
1
1
1
1
1
1
1
1
1
1
1
1
1
1
1
1
1
1
1
1
1
0.999997
0.999988
0.999915
0.999977
0.999946
0.999997
0.999998
1
1
1
1
1
1
1
1
1
1
1
1
1
1
1
1
1
1
1
1
1
1
1
1
1
1
1
1
1
1
1
1
1
1
1
1
1
1
1
1
1
1
1
1
1
1
1
1
1
1
1
1
1
1
1
1
1
1
1
1
1
1
1
1
1
1
1
1
1
0.999999
1
1
1
1
1
1
1
1
1
1
1
0.999937
0.999941
0.999971
0.999834
0.999248
0.999809
1
1
1
1
0.999999
0.999999
1
0.999994
0.999999
1
1
1
1
1
1
1
1
1
1
1
1
1
1
1
1
1
1
1
1
1
1
1
1
1
1
1
1
1
1
1
1
1
1
1
0.999978
0.999997
0.999994
0.99999
0.999969
0.999931
0.999999
0.999995
0.999999
0.999995
1
1
1
1
1
1
1
1
1
1
1
1
1
1
1
1
1
1
1
1
1
1
1
1
1
1
1
1
1
1
1
1
1
1
1
1
1
1
1
1
1
1
1
1
1
1
1
1
1
1
1
1
1
1
1
1
1
1
1
1
1
1
1
1
1
1
1
1
1
1
1
1
1
1
1
1
1
1
1
1
1
1
0.999999
1
1
1
1
1
1
1
0.999991
0.999994
0.999998
0.999995
0.999992
0.999997
0.999981
1
0.999997
0.999999
0.999999
1
1
1
1
1
1
1
1
1
1
1
1
1
1
1
1
1
1
1
1
1
1
1
1
1
1
1
1
1
1
1
1
1
1
1
1
1
1
1
1
1
1
1
1
1
1
1
1
1
1
1
1
1
1
1
1
1
1
1
1
1
1
1
1
1
1
1
1
1
1
1
1
1
1
1
1
1
1
1
1
1
1
1
1
1
1
1
1
1
1
1
1
1
1
1
1
1
1
1
1
1
1
1
1
1
1
1
1
1
1
1
1
1
1
1
1
1
1
1
1
1
1
1
1
1
1
1
1
1
1
1
1
1
1
1
1
1
1
1
1
1
1
1
1
1
1
1
1
1
1
1
1
1
1
1
1
1
1
1
1
0.999999
0.999998
1
1
0.999999
1
1
1
1
1
1
1
1
1
1
1
1
1
1
1
1
0.999997
0.999992
0.999999
0.999996
1
1
1
0.999998
0.999995
0.999998
0.999999
1
0.999999
0.992545
0.989811
0.971823
0.914052
0.977539
0.928188
0.996306
0.862217
0.961934
0.999985
0.999931
0.999993
0.999993
0.999999
0.999997
0.990364
0.995009
0.996812
1
1
1
1
1
1
1
1
1
1
1
1
0.99946
0.998295
0.997561
0.991146
0.999885
0.999984
0.999409
0.997584
0.999896
1
1
1
1
1
0.999999
0.999518
0.998513
0.999894
0.999985
1
1
1
1
1
1
1
1
1
1
1
1
1
0.999999
0.999999
0.999993
1
1
1
1
0.99999
1
1
1
1
1
1
0.999999
1
1
1
1
1
1
1
1
1
1
1
1
1
1
1
1
1
1
1
1
1
1
1
1
1
1
1
1
1
1
1
1
1
1
1
1
1
1
1
1
1
1
1
1
1
1
1
1
1
1
1
1
1
1
1
1
1
1
1
1
1
1
1
1
1
1
1
1
1
1
1
1
1
1
1
1
1
0.999999
0.999993
0.999999
1
0.99999
1
1
1
1
1
1
1
1
0.999999
1
1
1
1
1
1
1
1
1
1
1
0.999976
0.999994
0.999885
0.999984
0.999409
0.997584
0.998295
0.997561
0.991146
0.986087
1
0.999999
1
1
1
1
0.999894
0.999985
0.999518
0.998513
1
1
1
0.999998
0.999999
0.999997
0.999992
0.999996
0.999998
0.999995
0.999999
0.999999
0.999999
0.996306
0.977539
0.928188
0.992545
0.989811
0.971823
0.914052
0.862217
0.999993
0.999866
0.999985
0.999997
0.999993
0.998276
0.995009
0.996812
0.993238
0.990364
0.999705
0.99991
0.99987
0.999977
0.99997
0.999993
0.999992
0.999995
0.999972
0.999988
0.999936
0.999966
0.999996
0.999999
0.999998
0.999995
0.999989
0.747785
0.513642
0.817022
0.563695
0.416073
0.529396
0.46284
0.999999
1
0.999999
1
1
1
1
1
1
1
0.999999
1
1
1
1
1
0.995387
0.996773
0.998348
0.81519
0.784598
0.996462
0.995776
1
1
1
1
1
1
1
1
1
1
1
1
1
1
1
1
1
0.999412
0.999295
1
0.999999
1
1
1
1
1
1
1
1
1
1
1
1
1
1
1
1
1
1
1
1
1
1
1
1
1
1
1
1
1
1
1
1
1
1
1
1
1
1
1
1
1
1
1
1
1
1
1
1
1
1
1
1
1
1
1
1
1
1
1
1
1
0.999163
0.999992
0.999747
1
0.999999
0.999412
0.999295
1
1
1
1
1
0.999999
1
0.999999
1
1
1
1
1
1
0.999999
1
0.967783
0.801495
0.987674
0.914787
0.996462
0.995776
0.81519
0.784598
0.999993
0.99997
0.999995
0.999992
0.99991
0.999705
0.999977
0.99987
0.999999
0.999996
0.999998
0.999988
0.999988
0.999972
0.999936
0.999987
0.999971
0.532513
0.871984
0.667997
0.529396
0.46284
0.563695
0.416073
0.999987
0.999988
0.999995
0.999996
0.999977
0.999996
0.999996
0.999992
0.999839
0.999996
0.999985
0.999989
0.999998
0.999995
0.999838
0.999444
0.999985
1
1
1
1
1
0.999999
1
1
1
0.999997
1
1
1
1
1
1
1
1
1
1
1
1
1
1
1
1
1
1
1
1
1
1
1
1
1
1
1
1
1
1
1
1
1
1
1
1
1
1
1
1
1
1
1
1
1
1
1
1
1
1
1
1
1
1
1
1
1
1
1
1
1
1
1
1
0.999991
1
1
1
1
1
1
0.999999
0.999997
0.999995
0.999996
0.999988
0.999992
0.99999
0.999988
0.999977
0.999998
0.999985
0.999996
0.999945
0.999985
0.999838
0.999444
0.999981
0.999843
0.999994
0.999994
0.999922
0.999971
0.999953
0.999983
1
1
1
1
1
1
1
1
1
1
1
1
1
1
1
1
1
1
1
1
1
1
1
1
1
1
1
1
1
1
1
1
1
1
1
1
1
1
1
1
1
1
1
0.999994
0.999994
0.999981
0.999971
0.999922
0.999983
0.999953
0.999204
0.9997
0.999706
0.999998
1
0.999993
0.999965
0.999982
0.999986
0.999998
0.999998
0.999995
0.999999
0.999994
0.999997
1
1
1
1
1
1
1
1
1
1
1
1
1
1
1
1
1
1
1
1
1
1
1
1
1
1
1
1
1
1
1
1
1
1
1
1
1
1
1
1
1
1
1
1
1
1
1
1
1
1
1
1
1
1
1
1
1
1
1
1
1
1
1
1
1
1
1
1
1
1
0.999997
1
1
1
1
1
1
1
1
0.999999
1
1
1
0.999706
0.999204
0.9997
0.999995
0.99999
0.999998
0.999998
0.999999
0.999994
0.999993
0.999965
0.999874
0.999982
0.999986
0.999968
0.999997
0.999999
0.999981
0.99999
0.999642
0.999819
0.999987
0.999936
1
1
1
1
1
1
0.999997
0.999999
1
1
1
1
1
1
1
1
1
1
1
1
1
1
1
1
1
1
1
1
1
1
1
1
1
1
1
1
1
1
1
1
1
1
1
1
1
1
1
1
1
1
1
1
1
1
1
1
1
1
0.999998
1
1
0.999997
0.999999
0.999913
0.999999
0.999997
0.999999
0.999949
0.999701
0.999987
0.999936
0.999642
0.999819
0.99999
0.999975
0.999987
1
1
0.999999
0.999995
0.999997
0.999988
0.999943
0.999943
0.999981
0.999981
0.999996
0.999596
0.999944
0.999852
0.999985
0.999979
0.999946
0.999915
0.999977
1
1
1
1
1
1
1
1
1
1
1
1
1
1
1
1
1
0.999997
1
0.999999
1
1
1
1
1
1
1
1
1
1
1
1
1
1
1
1
1
1
1
1
1
1
1
1
1
1
1
1
1
1
1
1
1
1
1
1
1
1
1
1
1
1
1
1
1
1
1
1
1
1
1
1
1
1
1
1
1
1
1
1
1
1
1
1
1
1
1
1
1
1
1
1
1
1
1
1
1
1
1
1
1
1
1
1
1
1
1
1
1
1
1
1
1
1
1
1
1
1
1
1
1
1
1
1
1
1
1
1
1
1
1
1
0.999999
0.999995
0.999997
0.999999
1
0.999999
0.999995
0.999997
0.99999
0.999975
0.999987
0.999981
0.999981
0.999967
0.999943
0.999943
0.999988
0.99999
0.999985
0.999979
0.999596
0.999944
0.999746
0.99912
0.999852
0.999995
0.999998
0.999999
1
0.999999
1
1
0.999999
1
1
1
1
1
1
1
1
1
1
1
1
1
1
1
1
1
1
1
1
1
1
1
1
1
1
1
1
1
0.99999
0.999997
0.999987
0.999764
0.999726
0.999886
0.99999
0.999905
0.999961
1
1
1
1
1
1
1
1
1
1
1
1
1
1
1
1
1
1
1
1
1
1
1
1
1
1
1
1
1
1
1
1
1
1
1
1
1
1
1
1
1
1
0.999998
0.999999
1
1
1
1
1
1
1
1
1
1
1
1
1
1
1
1
1
1
1
1
1
1
1
1
1
1
1
1
1
1
1
1
1
1
1
1
1
1
1
1
1
1
1
1
1
1
1
1
1
1
1
1
1
1
1
1
1
1
1
1
1
1
1
1
1
1
1
1
1
1
1
1
1
1
1
1
1
1
1
1
1
1
1
1
1
1
1
1
1
1
1
1
1
1
1
1
1
1
1
1
1
1
1
1
1
1
1
1
1
1
1
1
1
1
1
1
1
1
1
1
1
1
1
1
1
1
1
1
1
1
1
1
1
1
1
1
1
1
1
1
1
1
1
1
1
1
1
1
1
1
1
1
1
1
1
1
1
1
1
1
1
1
1
1
1
1
1
1
1
1
1
1
1
1
1
1
1
1
1
1
1
1
1
1
1
1
1
1
1
1
1
1
1
1
1
1
1
1
1
1
1
1
1
1
1
1
1
1
1
1
1
1
1
1
1
1
1
1
1
1
1
1
1
1
1
1
1
1
1
1
1
1
1
0.999998
0.999999
1
1
0.999999
0.999998
0.999995
1
1
1
0.999998
0.999997
0.999999
1
1
1
1
1
1
1
1
1
1
1
1
1
1
1
1
1
1
1
1
1
1
1
1
1
1
1
0.999972
0.999912
0.999959
0.99999
0.999905
0.999961
0.999764
0.999726
0.999886
1
1
1
1
1
1
1
1
1
1
1
1
1
1
1
1
1
1
1
1
1
1
1
1
0.999979
0.999999
0.999989
0.999998
1
0.999996
0.999999
0.999887
0.999563
0.999857
0.99962
0.999978
0.999997
0.99999
0.999994
0.999962
0.999987
0.999951
0.999931
0.99999
0.998087
0.999338
0.999501
0.999969
0.999783
0.999832
0.999951
1
1
1
1
1
1
1
1
1
1
1
1
1
1
1
1
1
1
1
1
1
1
1
1
1
1
1
1
1
1
1
1
1
0.999997
0.999998
1
1
1
1
1
1
1
1
1
0.99999
0.999998
0.999999
1
1
1
1
1
1
1
1
1
1
1
1
1
1
1
1
1
1
1
1
1
1
1
1
1
1
1
1
1
1
1
1
1
1
1
1
1
1
1
1
1
1
1
1
1
1
1
1
1
1
1
1
1
1
1
1
1
1
1
1
1
1
1
1
1
1
1
1
1
1
1
1
1
1
1
1
1
1
1
1
1
1
1
1
1
1
1
1
1
1
1
1
1
1
1
1
1
1
1
1
1
1
1
1
1
1
1
1
1
1
1
1
1
1
1
1
1
1
1
1
1
1
1
1
1
1
1
1
1
1
1
1
1
1
1
1
1
1
1
1
1
1
1
1
1
1
1
1
1
1
1
1
1
1
1
1
1
1
1
1
1
1
1
1
1
1
1
1
1
1
1
1
1
1
1
1
1
1
1
1
1
1
1
1
1
1
1
1
1
1
1
1
1
1
1
1
1
1
1
1
1
1
1
1
1
1
1
1
1
1
1
1
1
1
1
1
1
1
1
1
1
1
1
1
1
1
1
1
1
1
1
1
1
1
1
1
1
1
1
1
1
1
1
1
1
1
1
1
1
1
1
1
1
1
1
1
0.999999
1
0.999999
1
0.999997
1
0.999998
1
1
1
0.999999
0.999994
0.999998
0.999999
0.99999
1
1
1
1
1
1
1
1
1
1
1
1
1
1
1
1
1
1
1
1
1
1
1
1
1
1
1
1
0.999996
0.999979
1
0.999999
0.999999
0.999989
0.999998
0.999962
0.999987
0.99999
0.999951
0.999937
0.999941
0.999971
0.999834
0.999887
0.999564
0.999583
0.999857
0.99962
0.999951
0.999783
0.999832
0.999809
0.999248
0.999338
0.999501
0.998087
0.999999
0.999999
1
1
0.999999
1
1
0.999999
1
1
0.999998
0.999996
0.999999
0.999999
1
1
1
1
1
1
1
1
1
1
1
0.999999
1
1
1
1
1
1
1
1
1
1
1
1
1
1
1
1
1
1
1
1
1
1
1
1
1
1
1
1
1
1
1
1
1
1
1
1
1
1
1
1
1
1
1
1
1
1
1
1
1
1
1
1
1
1
1
1
1
1
1
1
1
1
1
1
1
1
1
1
1
1
1
1
1
1
1
1
1
1
1
1
1
1
1
1
1
1
1
1
1
1
1
1
1
1
1
1
1
1
1
1
1
1
1
1
1
1
1
1
1
1
1
1
1
1
1
1
1
1
1
1
1
1
1
1
1
1
1
1
1
1
1
1
1
1
1
1
1
1
1
1
1
1
1
1
1
1
1
1
1
1
1
1
1
1
1
1
1
1
1
1
1
1
1
1
1
1
1
1
1
1
1
1
1
1
1
1
1
1
1
1
1
1
1
1
1
1
1
1
1
1
1
1
1
1
1
1
1
1
1
1
1
1
1
1
1
1
1
1
1
1
1
1
1
1
1
1
1
1
1
1
1
1
1
1
1
1
1
1
1
1
1
1
1
1
1
1
1
1
1
1
1
1
1
1
1
1
1
1
1
1
1
1
1
1
1
1
1
1
1
1
1
1
1
1
1
1
1
1
1
1
1
1
1
1
1
1
1
1
1
1
1
1
1
1
1
1
1
1
1
1
1
1
1
1
1
1
1
1
1
1
1
1
1
1
1
1
1
1
1
1
1
1
1
1
1
1
1
1
1
1
1
1
1
1
1
1
1
1
1
1
1
1
1
1
1
1
1
1
1
1
1
1
1
1
0.999999
0.999999
1
0.999999
0.999995
0.999999
0.999995
0.999999
0.999998
1
1
1
1
0.999999
0.999999
0.999996
0.999999
1
1
1
1
1
1
1
1
1
1
1
1
0.999999
0.999999
1
1
1
1
1
1
1
1
1
1
1
1
1
1
1
1
1
1
1
1
0.999989
0.999997
1
0.999999
1
0.999996
0.999996
0.999998
0.999999
1
1
1
0.999999
0.999995
0.999992
0.999997
0.999981
0.999998
1
0.999999
1
0.999998
1
0.999999
1
1
1
1
1
1
1
1
1
1
1
1
1
1
1
1
1
1
1
1
1
1
1
1
1
1
1
1
1
1
1
1
1
1
1
1
1
1
1
1
1
1
1
1
1
1
1
1
1
1
1
1
1
1
1
1
1
1
1
1
1
1
1
1
1
1
1
1
1
1
1
1
1
1
1
1
1
1
1
1
1
1
1
1
1
1
1
1
1
1
1
1
1
1
1
1
1
1
1
1
1
1
1
1
1
1
1
1
1
1
1
1
1
1
1
1
1
1
1
1
1
1
1
1
1
1
1
1
1
1
1
1
1
1
1
1
1
1
1
1
1
1
1
1
1
1
1
1
1
1
1
1
1
1
1
1
1
1
1
1
1
1
1
1
1
1
1
1
1
1
1
1
1
1
1
1
1
1
1
1
1
1
1
1
1
1
1
1
1
1
1
1
1
1
1
1
1
1
1
1
1
1
1
1
1
1
1
1
1
1
1
1
1
1
1
1
1
1
1
1
1
1
1
1
1
1
1
1
1
1
1
1
1
1
1
1
1
1
1
1
1
1
1
1
1
1
1
1
1
1
1
1
1
1
1
1
1
1
1
1
1
1
1
1
1
1
1
1
1
1
1
1
1
1
1
1
1
1
1
1
1
1
1
1
1
1
1
1
1
1
1
1
1
1
1
1
1
1
1
1
1
1
1
1
1
1
1
1
1
1
1
1
1
1
1
1
1
1
1
1
1
1
1
1
1
1
1
1
1
1
1
1
1
1
1
1
1
1
1
1
1
1
1
1
1
1
1
1
1
1
1
1
1
1
1
1
1
1
1
1
1
1
1
1
1
1
1
1
1
1
1
1
1
1
1
1
1
1
1
1
1
1
1
1
1
1
1
1
1
1
1
1
1
1
1
1
1
1
1
1
1
1
1
1
1
1
1
1
1
1
1
1
1
1
1
1
1
1
1
1
1
1
1
1
1
1
1
1
1
1
1
1
1
1
1
1
1
1
1
1
1
1
1
1
1
1
1
1
1
1
1
1
1
1
1
1
1
1
1
1
1
1
1
1
1
1
1
0.999999
0.999991
0.999997
0.999989
1
1
0.999999
0.999998
0.999994
0.999996
0.999996
0.999998
0.999998
1
1
0.999999
0.999995
0.999992
0.999997
0.999981
0.999995
0.999992
0.999997
0.999981
1
1
1
1
1
0.999997
0.999999
0.999999
1
1
1
1
1
1
1
1
1
1
1
1
1
1
1
1
1
1
1
1
1
1
1
1
1
1
1
1
1
1
1
1
1
1
1
1
)
;
    }
}


// ************************************************************************* //
